4675
4257
1559
419
4884
3269
3345
913
5207
3801
3231
4618
2870
5644
3022
5758
514
1084
5625
5967
2091
96
533
2813
1483
2072
4770
3117
2927
5549
5967
1635
1388
1540
5606
286
2376
533
4770
5169
4333
2015
1369
1236
1673
4390
1008
5739
5492
647
5720
1597
4295
3820
1977
5796
5910
4314
495
2851
3877
4048
2053
2832
3155
1673
3136
5549
2224
1920
2300
4124
3934
3668
5359
3174
2072
3934
514
5131
2167
3801
761
4029
1654
305
3839
5131
4637
1920
1996
96
5967
4067
2946
704
3307
3649
267
3098
3136
134
1255
4637
3801
4181
1825
3459
5701
5891
2604
5435
3725
932
3478
2946
1255
1350
2091
3459
837
1654
1122
818
5720
1635
1521
628
2851
5359
3725
1
3060
2547
4637
894
761
4048
4352
476
3953
970
5910
5245
1920
970
2205
742
2319
4295
1768
723
3535
457
1540
837
5663
647
1464
2528
3573
5207
2547
647
5321
4751
5093
96
2813
3459
4124
4352
2015
1616
3611
1502
2604
3402
5796
2490
5264
5131
3231
2813
5587
2338
3668
5264
552
5131
1825
4124
1920
1939
2357
1274
4257
1464
4922
4656
2509
3079
3022
2091
2262
4200
1160
4865
5169
970
4941
4466
3668
2186
1293
3269
2091
2528
134
2661
5245
5511
4352
1179
5017
4276
20
3288
3326
2528
1958
3402
5606
2547
5492
5435
4333
4219
1901
3516
5188
856
1996
438
609
875
3706
2699
3402
1407
2927
2661
932
4865
1426
5948
723
4998
837
4048
1540
362
1464
4713
2927
4523
4181
4827
2756
96
2357
5511
4504
1939
5948
5112
2813
3687
5378
3782
2661
5891
4029
3611
2338
3022
1141
3060
2034
1977
1141
1160
2357
172
5872
2851
4713
1635
1692
1483
5283
4048
4580
3801
1
4542
495
381
5796
3459
1749
2490
932
3345
115
3269
381
1255
3896
5967
818
2604
1141
3174
2794
4599
39
1521
3801
1730
571
3117
3345
5150
4485
3364
3725
2566
1312
3535
3592
3060
3592
4523
419
1274
5359
4352
115
837
4352
932
3459
3060
4105
267
5226
1711
5340
3060
1008
5910
191
4352
5093
2243
5283
400
4808
628
1502
2414
1255
5112
4504
5245
400
3877
1179
514
4732
3098
4998
5758
191
685
39
5416
2395
5378
2490
970
5302
248
5340
1977
2509
4637
2376
1331
2832
1464
1331
1673
590
5834
4485
4542
1312
5663
2642
3611
2794
5207
3383
2984
5910
3421
5967
5872
381
58
875
3250
305
229
5245
381
2433
5188
5283
2851
4219
628
4523
2376
476
3022
951
5340
267
1160
2965
3060
381
362
3611
305
1350
3611
210
5283
1236
4637
2566
5093
2433
5378
5492
4865
2148
4789
5283
400
2984
1388
2775
1027
1977
1293
400
2262
2452
932
5321
2851
4865
2965
723
229
4143
4485
3098
5378
704
5663
2053
3136
2623
1559
5587
4770
3915
4884
5169
4466
305
5530
5511
2281
837
3478
2110
3307
4409
1464
3725
856
1996
2015
4656
3706
4086
1768
666
4789
1445
2718
1958
4067
1863
5112
419
3345
4010
5606
1844
1882
5150
4922
1749
3554
5967
3858
875
4390
2889
2167
2832
4884
1768
1502
2604
5853
3269
837
2224
2281
3573
4181
362
5435
3307
780
2794
4903
3953
2205
4352
685
1141
115
4257
1122
1559
2699
3098
4447
2452
5929
932
4219
1445
1103
1654
2281
1958
3877
4561
5530
5644
2490
2547
533
837
2908
5435
4808
5131
3820
3060
3839
1502
4884
2547
3060
1616
5644
5093
1635
3155
3592
3421
2167
4694
5074
4447
4219
533
590
1331
191
3079
3877
742
3915
818
3744
305
3516
5131
3383
1369
666
5834
1483
1293
1464
4694
3953
666
1863
1559
4086
1597
286
742
3611
2072
1293
4200
3421
1483
4846
1312
5777
2794
5682
1122
666
780
267
1616
2167
932
1483
1217
5796
514
5929
3763
1198
1806
5340
5283
989
3193
58
2167
5264
4903
400
2699
3953
2813
1597
3763
3174
4846
4884
3858
5644
2718
5473
5378
3668
4523
609
1046
5055
552
4808
267
5929
1730
3117
932
2490
742
3098
1787
5644
1065
2053
3630
1464
1217
4960
4637
96
1426
2509
5739
4143
5568
5131
5378
4105
5739
438
3174
3877
5264
1008
3820
4561
4143
2319
1084
2452
2984
438
2129
1635
58
3326
3098
1293
2300
1749
1388
1293
1844
4694
5435
1426
1407
4846
3098
4713
5283
3858
2604
2129
4865
3991
723
590
324
5359
3060
894
5796
2756
2528
5853
96
3193
4713
5948
4941
115
1255
4352
2376
704
3345
3782
3117
476
2528
1
4333
2699
5682
780
723
3972
4941
1046
3345
5568
1939
3155
5891
2034
609
1
5226
5321
3516
1768
3022
4770
134
5397
3041
3497
780
191
1540
875
3744
3440
3573
3440
4219
4295
1445
742
2927
2357
3877
2433
5530
3782
4485
3706
3782
1293
609
4865
3060
3630
3649
780
628
4276
1844
4960
2034
3383
5834
5777
837
989
799
2623
2870
2243
951
5796
4618
4827
5796
1730
2642
1863
3003
3991
3174
3611
2889
3801
4827
4105
2148
5454
2395
3991
4428
4428
1388
1844
1787
5777
2832
2604
1
5701
4846
951
3079
1046
5777
2908
343
1
2338
3345
4010
5511
989
4466
913
5815
2585
3060
2851
2566
1084
4846
1008
39
704
381
3402
1103
2984
3402
4390
5397
1920
5036
4029
5264
5511
4371
2851
1882
1749
875
4960
305
2908
5872
134
5492
533
2984
2072
5169
5397
666
2775
3668
4599
191
2338
1597
1160
4295
4561
647
3364
2604
3497
2889
1008
362
2338
2756
1236
1331
3060
4143
4770
761
1217
2870
1312
875
2053
723
5093
4846
1958
3706
2604
4295
5302
1350
2623
3877
1996
1
4067
5492
457
5074
5853
381
5397
4656
5264
2471
381
4048
799
5169
4504
2110
58
571
400
5150
2984
2357
438
3174
4219
3307
4523
856
4751
4086
4409
2832
3611
2452
1920
1046
2832
1331
3288
2110
1369
3668
3725
5720
419
2243
5397
4029
400
5796
761
3383
5720
1198
4124
3972
4504
2661
4827
3288
780
837
134
1958
3288
5625
571
134
4523
3858
5796
3478
5112
3535
3212
5530
3364
2642
3592
3763
20
4352
4713
5758
3136
2870
1312
1654
5530
3706
4941
3877
4542
2661
5834
1844
5853
3991
5530
4390
1863
5340
1882
4542
476
5112
4105
3839
5321
5264
1616
5340
1198
343
2680
4333
780
3991
20
343
5283
2528
1787
3839
2756
5207
3269
2623
3212
381
1046
5074
3307
495
3649
1350
3174
5321
5188
2509
2167
4371
5435
3364
2281
2129
5283
3079
3706
5302
989
571
5397
2775
1977
5739
1996
2813
2376
5207
3212
989
1882
4086
1502
3098
5435
4675
1
2205
4770
2167
590
4219
3098
438
3915
2395
3516
5188
5264
2072
5758
2262
4865
1768
2015
4428
4580
4390
1236
5359
2965
3117
3459
4466
3782
476
723
3782
2680
3060
3516
837
1293
628
1293
5226
609
2376
4428
5872
4466
4219
2148
913
3554
1730
5340
2148
153
590
1540
685
1274
2566
2718
5055
3060
3440
419
3307
533
3934
4162
5378
2148
3022
2186
2756
5397
4200
210
1445
2433
5929
2357
3554
1673
1730
5701
5378
2319
4808
77
3611
4960
2794
248
5587
3820
685
2908
1920
4618
4637
1312
4333
5226
3516
1103
2224
1730
1331
3668
1730
4827
58
2851
514
5340
134
5910
5226
4960
1
419
1502
381
685
1103
4200
1369
1578
134
3554
248
4998
1920
3041
96
590
5264
5378
5473
533
4675
4314
590
1540
4846
3497
1692
4770
2737
4219
2338
3174
5720
2718
1426
837
4485
362
5967
2186
3915
3782
1217
3402
856
4865
4010
134
4276
1065
666
2965
5397
4808
2091
1825
5872
3782
4162
2642
2015
4067
3383
5302
818
2376
3706
2870
2737
3687
5074
666
1502
3858
1654
2357
2737
3231
58
4580
4295
4295
5131
1274
3117
1236
666
3022
2585
4827
3231
4599
2927
4181
1483
1312
571
5188
1749
3307
2889
837
1540
4390
2262
761
761
2585
3991
4390
1179
5872
2699
324
1160
3383
5112
1844
3972
1711
4238
1217
3877
4732
2965
5359
58
1103
4561
1825
4409
5036
229
3535
3440
2509
4295
1787
5093
2319
3744
3839
5758
457
1749
932
3839
875
343
1844
172
2167
628
4048
913
3611
1008
4542
4713
3136
381
723
5739
4162
1825
3212
685
134
2566
3345
20
324
4770
5777
4333
533
4295
2186
4960
2205
4029
5131
1939
2243
780
2870
3421
5340
1426
2148
58
5359
438
5815
3535
2262
609
1806
5967
742
2718
3554
1065
1502
932
2965
5587
2794
5150
4580
2566
780
1293
4523
3022
5625
1407
457
2547
2832
172
191
5758
4181
20
3307
4010
4181
2680
3991
4922
5416
5131
3554
4485
77
533
4105
438
5682
267
3003
4029
5112
1540
1065
2338
2946
5074
4884
3345
2832
5074
685
1027
2661
4010
5036
856
4257
628
5777
3687
5758
3345
2205
3402
1445
3877
3839
1160
1711
856
5188
837
5967
3839
3174
495
495
5644
1426
3326
2300
2110
1920
2547
134
4542
3402
1977
5169
780
5663
2509
1692
5435
3478
3155
3326
1331
1882
5036
5739
4637
3459
5720
58
4200
248
571
1426
1673
1464
3744
1350
970
3858
5055
5511
1274
1046
2262
5606
723
4770
1331
3744
2262
2053
4637
1160
3934
3706
4466
2585
4732
4219
2661
2946
2034
799
4390
1274
5815
5701
2623
799
3573
1692
3877
2414
305
153
2053
1046
4922
951
4789
4751
3003
3440
3478
951
4713
1977
1103
1027
3763
1331
3991
5796
2129
5948
4637
1977
5663
4827
343
3250
4105
4238
5663
4409
4390
5283
3022
913
248
5378
3231
818
419
742
1768
5131
2718
457
3744
495
1787
1749
3858
1502
5264
77
1046
4941
4903
1388
5758
590
3193
3003
5017
1616
2319
2053
96
134
1464
3326
970
1882
1635
305
4580
4352
761
2338
2414
2566
1654
3839
1635
932
3915
2680
3440
419
4067
3212
1008
1293
3801
3592
476
3687
3231
4124
3820
2262
1464
4789
1711
3117
2680
3858
5036
3440
3782
5036
3573
3003
457
5207
3953
4390
5454
4960
2376
1122
5758
951
2414
3573
2129
457
1274
5359
4580
2661
1635
3611
5036
913
4295
1730
4770
932
2737
2566
5967
3896
5587
438
685
1122
2395
172
3649
2338
1293
3421
875
1274
1008
3003
1730
5834
2376
3877
2528
1578
5055
1578
2490
3383
875
4827
4314
3611
4979
1863
1521
2148
5853
2224
3269
5834
5948
932
5739
1255
1939
628
2528
2946
3630
1825
381
20
5701
476
5150
4770
5606
5207
5720
495
1635
1616
1673
628
3478
780
2775
932
571
3611
4333
533
2110
4086
1787
4048
4732
1882
4580
2376
3706
4960
5967
989
3003
2699
5758
2623
1939
3079
685
1141
4694
2357
1768
5758
3136
2110
704
1274
5720
2604
1806
1844
704
1160
3478
5435
3041
2072
5397
761
4599
5378
1749
1616
2091
5093
4238
1597
2186
4922
2737
4447
4846
2072
4219
5568
4181
2490
856
3915
5093
2680
3345
5815
3839
837
2832
4466
476
2243
5226
5074
5188
4561
704
4865
3668
2509
476
3421
1445
799
1882
305
2870
134
5872
1084
191
4314
2566
5302
1008
3478
2699
2414
1882
5530
894
2357
5359
3706
1445
4561
2281
5701
3440
3516
2224
1502
4504
1236
2300
400
5112
5169
4086
2566
3820
4295
894
3972
1179
5454
1464
3877
5454
3364
989
362
5720
362
1635
4751
4941
1483
2034
5948
4998
1844
1464
3516
3079
3763
1502
5758
533
3155
2357
4352
5017
3250
2338
210
305
1388
4086
5758
4751
5093
3687
2053
3022
5340
4371
1977
837
3991
1958
3421
5834
3421
4504
495
4770
3573
286
5302
761
2642
1236
5777
3459
3592
20
1331
2547
1673
1103
1312
4333
4808
932
1388
1730
2889
3364
2566
894
2889
3554
742
3896
2091
1236
2680
3231
1521
5549
3991
1730
799
3801
2775
1958
1388
4105
4504
3060
5226
3383
4979
1616
1901
381
3345
4789
1312
3478
5682
4219
1065
438
5682
723
5226
5929
3953
780
5492
1977
77
3858
3345
2851
5834
2300
989
1920
2927
3782
2889
1920
5397
4789
2300
2756
3592
3630
248
3288
5416
4865
1293
5112
5587
533
5055
1141
4865
4561
685
4960
1
1597
5378
5834
3896
381
5340
837
4162
2243
343
1141
1046
2642
3896
2205
3839
1730
5492
3269
609
4352
2395
3782
2452
5017
4922
4903
1160
3174
3877
1179
4770
837
4580
248
1236
3934
4637
2965
3744
4979
4124
4789
5207
5587
4561
3060
4884
4067
3915
5511
1
324
875
2471
2927
3364
1388
4086
552
2832
5264
2889
3668
1445
3136
2471
2946
1787
3022
723
799
4713
3079
20
1882
1673
647
799
3307
4561
3877
3326
2471
4751
3364
5397
2129
2319
3497
248
5150
362
3136
400
1806
3839
457
2319
5625
1046
3041
438
5758
3706
4010
5207
5378
4675
20
267
818
3896
1160
3288
2661
4523
2699
2357
856
3782
172
3573
4143
3307
1559
3516
1160
5568
5834
4371
628
476
2376
3953
4181
419
3174
1141
2661
3212
4960
3478
4675
153
4352
4922
4675
1065
1293
3117
2414
5036
4257
4124
5910
5815
1654
4656
5397
5074
3041
3592
3117
5416
1559
4865
3402
2319
20
3630
3098
2547
4694
1787
2699
3060
723
1407
1692
5587
2091
4124
4637
362
2262
4561
3763
1502
799
3174
4143
3839
4352
1274
856
5910
153
4257
5796
3725
5473
2908
286
4181
4713
3003
4808
3003
1977
514
2604
1635
2205
4808
1996
2053
970
5758
3554
1768
533
1711
3193
4884
552
4048
2376
4257
2319
2205
1996
1806
2680
5834
3554
1407
419
2376
1996
5948
476
2167
1597
2680
1008
3611
4732
5530
951
5853
1312
5036
5131
2072
1502
5682
134
1464
3953
39
1236
3516
1844
3915
951
2984
2908
1369
2927
4903
1350
3402
1084
2946
115
5644
4124
2414
2756
2661
5853
1654
5264
4998
3725
799
2281
3877
5815
3801
3915
1065
1350
3326
2547
5853
324
5454
1236
3269
1939
153
4238
609
685
1920
3820
4808
4352
609
5036
4219
2262
4333
799
1
2699
3079
3877
2528
913
1806
1160
5815
2718
1274
3250
3041
761
4485
3877
267
2224
2148
875
2908
4067
4713
5283
1
5321
4352
1787
5150
267
2604
5150
2965
3250
3060
3060
1730
2433
1787
5112
5150
3060
2376
5777
1388
4447
1236
1673
685
3383
115
3592
5036
2395
2889
5036
5283
4808
4409
4447
5074
4580
3630
5606
1844
4257
248
1160
4257
2034
286
3440
2680
248
799
4067
4694
2034
3307
2946
3003
3440
4105
5606
3402
1008
4656
2718
3402
647
1179
2490
5226
4808
5682
1103
647
5929
5815
4922
5549
115
5929
2243
3915
742
3877
191
343
1217
3136
913
2224
1255
533
5625
5834
2775
5910
3250
3421
1122
3307
2680
3497
3003
1350
4162
533
1179
3098
3649
4846
3041
3459
362
1350
1350
552
5245
134
1274
191
5910
2528
4276
3136
5929
1065
3060
3193
2072
4181
4086
4751
1711
4656
3668
3440
5188
2414
552
419
4827
1160
3877
5188
77
5245
5758
2889
2946
1046
3079
2889
1141
4941
39
1103
20
3098
1863
2091
4865
5948
4409
590
4637
5644
1597
3839
2072
2148
4276
932
875
5720
3687
4504
2547
3459
1407
5511
2072
2072
5967
799
1027
3573
1901
4599
685
3763
4276
3117
3744
267
1274
2395
5929
2870
3801
5568
2585
5644
514
3459
5397
1787
5530
5511
5245
970
5036
4903
609
5017
5701
1635
2604
5169
3801
875
2946
5644
1559
4257
5929
2851
4219
3440
5720
5606
3022
2338
2832
1122
3364
5796
2908
2927
5340
5720
1464
4390
4637
2072
1008
1920
1274
1179
1103
2642
5606
1635
2319
1198
3459
5815
4048
5264
3269
1350
4884
305
1255
1730
4979
4637
5112
1901
5131
4466
1654
4162
438
3858
3801
4998
3364
5074
3763
4466
5283
3383
3668
5169
2148
4713
4998
3763
3991
2281
5131
2889
172
400
2186
5150
2604
1312
4637
5302
3345
3858
3478
1369
1730
1293
381
5093
3934
4143
1160
3250
5112
2395
2433
4827
1122
5017
2623
2680
4865
5321
3136
2604
3288
5340
5340
5910
4219
3991
5226
5150
1863
305
533
1160
1597
913
3839
5549
2642
2566
381
1768
2528
381
609
3668
5397
799
362
1863
134
3516
4466
1008
438
3820
4485
2224
1825
1293
1388
1255
1597
5473
2433
3212
419
3839
343
628
419
723
2395
2946
1103
571
4181
4086
4941
2129
5948
2642
3212
4428
3649
1217
5834
2148
3440
1673
3459
2414
514
2623
5454
2946
5834
5872
4352
191
4067
4770
4466
4029
5283
3155
2186
1065
1255
1141
3193
4770
3782
3972
780
5017
5188
628
4732
210
5872
2205
191
400
4846
5663
913
2262
3117
5264
39
1217
1616
4504
5245
913
1673
1445
5530
495
2585
2737
5264
3953
723
3630
2984
3478
4257
1730
3706
4143
1521
3896
4542
3934
1141
3022
3763
4276
2300
3801
5492
3915
2338
4751
2414
1578
3782
1958
2091
3934
2281
4922
1901
571
2566
2452
4067
4409
4200
5340
134
3288
818
2262
4789
1977
5283
2566
267
1616
400
3326
3098
2737
5644
5511
1882
3440
5055
3972
1407
1350
2927
875
5473
3060
3345
3554
1483
5112
476
1635
5967
1312
3896
4770
856
761
1350
1122
2376
1749
4447
5492
2053
1673
2585
3953
5131
5207
5492
4105
571
2433
4979
77
3079
5891
1198
4561
5017
5245
3763
2566
571
5226
1350
1426
20
2718
115
5948
2034
2129
3022
1673
3801
3193
3193
2946
2414
2699
4618
571
2718
3630
4200
5796
1103
5397
1939
3706
4656
5720
286
2794
2528
1654
1787
2547
1939
1901
96
1540
1597
3117
3212
5416
3877
419
5929
324
704
4580
894
3421
5777
5093
799
4447
2072
2737
2167
4314
39
2471
1122
153
1692
2927
267
3630
2395
362
2737
4010
1065
5967
1008
4941
3953
4504
5264
2224
666
3725
5644
457
2832
4010
2490
2490
4333
4656
818
1939
4694
1939
2091
400
2433
2376
1597
2414
2737
4352
3991
1369
1901
2566
343
5853
1084
3174
5663
1768
932
2889
5777
1331
932
2281
3820
5264
4523
4637
4770
3231
4162
894
1217
4162
3269
2813
4143
3573
4732
2148
4960
4200
2281
2870
1654
3383
3611
1331
2718
2110
4219
2509
3459
5150
2376
4846
1996
913
1084
799
1711
2813
5245
2927
4542
2528
3326
2718
3668
2072
2433
210
305
4732
3079
1958
5682
723
856
2414
400
5074
2490
3858
4257
4865
305
3820
3345
1388
2186
5074
1768
1445
2015
324
1540
5340
3041
5226
4998
3060
5435
2870
5359
115
2395
5055
4390
3250
1483
4789
2338
1540
248
4162
438
552
2015
3782
5492
1768
438
1274
3231
2471
5150
4770
5378
5777
1578
1958
2851
4599
2395
2224
4713
4789
1293
685
5606
343
3041
5530
5435
3288
3706
5872
1407
3288
1255
4466
2642
5245
3307
5872
1730
2490
2224
4694
2281
3820
4219
5131
1
647
4922
4713
3003
3782
2965
2642
1692
20
5739
1141
894
1027
4599
2300
1901
3421
4352
4542
2680
1673
4428
1996
4162
4219
704
4010
2053
2490
723
2053
3136
5644
4333
172
3440
4865
381
5131
4903
134
3858
3364
1160
2471
3231
3060
5891
1597
1616
2585
3288
3611
2148
5017
1863
419
3060
1483
2927
3782
1122
77
3459
3022
3801
4466
1920
4181
1198
4390
1882
5055
1768
3060
5093
4998
3687
4998
4181
2889
5150
1483
514
1331
4067
5929
1749
1141
4998
2243
4941
134
2338
5967
3155
153
4447
5074
4352
3212
3478
248
2281
2813
875
4941
5397
2148
3953
3592
5036
704
2642
3117
5587
723
647
4903
1882
5644
1179
4390
5777
1084
4371
514
1236
400
5606
3155
3630
666
989
3478
1065
5416
2452
476
1578
3972
1635
628
2243
1844
1331
1844
134
1977
4333
5568
1635
5511
3972
4979
609
5910
5492
5397
343
2680
2585
1540
932
1141
2585
1996
571
5036
39
2167
609
5226
362
2851
4637
5245
2281
4770
1236
628
4371
438
3706
2357
2984
1882
2300
77
1293
210
2756
1445
5302
1255
2585
1901
818
742
970
856
2908
5131
3649
837
5549
2300
115
1844
1103
4903
39
5473
2927
3744
5397
5910
5625
5264
1
4504
5473
343
5948
4789
1597
134
4276
2433
875
5245
856
1350
1958
2091
2186
1521
4390
5853
951
3060
2357
989
115
5283
4751
5530
2775
1958
4808
362
476
1882
704
4010
4238
5853
4143
2528
5853
5017
5340
742
381
1312
2832
134
419
4789
20
1369
1882
2376
2357
1996
5226
4675
5093
2015
4219
3934
2376
4694
3383
3079
286
1635
533
4428
1749
400
1027
1103
1141
1407
1
1540
1559
419
362
5131
1787
5796
1521
1711
5359
761
3972
4485
343
2205
1
2737
4466
3383
3383
4770
2585
3915
780
4333
4333
1825
5454
3041
3231
3022
2167
2357
3440
96
5055
2794
5891
590
2072
2832
4903
58
1331
5264
5815
4884
5568
4314
2281
2965
666
4884
913
1445
799
2813
3269
3820
3421
4086
856
5587
4010
1863
5682
3098
2224
3155
1255
4314
20
191
1939
4903
3022
1787
3820
2604
115
115
3136
780
2566
1616
5777
951
4428
3079
4770
1882
4732
3212
5036
2756
5074
4751
5853
1331
1920
4694
3212
5492
4884
5150
4428
5473
4504
2262
5644
4618
5929
2794
2965
2528
4428
2775
1046
438
3421
5815
5872
2167
3041
4941
2490
5701
1274
5929
4599
761
4637
1825
286
1103
4542
4713
590
3079
989
3801
5264
932
4162
2262
1027
172
2604
5625
628
3592
5473
4067
5758
96
590
5815
3364
1863
5758
1977
210
4409
1369
495
5511
5929
2775
3668
3022
3763
1483
2300
2262
5663
2129
875
5834
4732
514
4029
2338
3554
5682
5663
1236
286
5511
4599
5720
2851
4162
3497
1293
5530
3991
4371
3041
780
5625
77
2110
1122
5948
1939
4352
2091
381
1787
4409
4466
3383
4314
5587
3079
1578
837
951
4656
3022
4238
1521
4751
1749
381
4295
3307
2338
1369
4086
1977
4998
3763
666
4960
3269
5036
4637
3668
4390
3060
5701
5340
1388
5302
20
533
3725
970
5188
4314
2775
742
3079
4523
4675
4941
1844
1027
3877
3497
3003
2908
1274
3687
5435
4542
305
4086
5777
4694
4713
5492
1616
3687
2395
1635
4219
134
2604
3440
4447
5378
1749
5093
1483
438
4048
3326
5036
1958
837
2053
2433
5663
3307
1882
1806
3611
3554
1597
5872
2281
4675
1521
5967
4637
3155
4219
4770
3345
5226
799
305
989
5891
1806
4979
1521
2699
4029
3478
3554
3668
3478
799
989
2946
2604
4618
514
1787
2072
362
4029
3592
362
2680
4333
2148
5017
1692
1388
5815
1996
5929
3288
1369
4922
4808
4086
552
5872
5207
1787
932
20
2775
3877
210
4960
1958
5549
1065
2338
1160
2224
2699
3839
571
2414
438
5815
3801
3820
5397
3744
1122
780
248
3497
4865
4352
951
4086
153
5454
1692
514
3345
1901
5473
5321
5017
4105
5226
191
3915
5492
1597
4485
1920
2034
1901
5720
5853
1312
1046
4542
2091
1293
5606
4542
3231
4143
210
3383
3611
1901
3896
4523
1369
970
1426
400
5074
666
4143
3003
172
5739
5074
2091
1787
4542
1825
5207
5853
438
3763
5511
5302
970
1635
2547
5112
1863
5929
2737
3763
1426
1274
2718
2395
2718
3117
5036
3383
1293
5625
1141
4599
2281
3231
419
837
2642
5625
4257
3079
989
1350
2395
1958
3003
2509
1084
2433
39
1388
3763
1464
229
495
1426
514
1198
4029
1483
2490
3668
2623
4656
3516
5853
5074
1920
77
2300
3744
742
856
5112
704
2813
5682
3231
1464
2129
3269
419
5891
4732
647
3972
3725
1179
5169
1768
2661
1673
3022
5283
3896
4105
2718
3003
58
381
2870
3801
1122
3725
495
1825
4105
191
5055
5568
5872
5891
3554
3364
2205
4200
1350
5929
2946
533
5283
3174
5758
2319
2471
3668
438
2775
4238
4048
723
1122
1882
1844
2414
5929
1236
533
3706
3877
3668
3592
3782
1236
4523
20
3022
3440
5948
5967
1540
2813
3174
1312
5131
3212
2566
3155
3554
4371
1217
4276
5511
666
3687
1939
628
4941
58
4333
400
3725
5492
4181
4979
4048
1768
2015
5055
1749
1996
628
2129
2737
5492
1293
5967
2072
2015
1103
476
799
5397
3554
1483
666
3060
5663
5606
3117
4010
3573
4428
1084
1787
3421
2699
3554
5435
1787
2870
4998
2414
5017
5321
1920
3877
2870
1578
3459
3972
5606
4257
951
742
3307
1635
3801
2984
4808
4504
4561
2414
2946
5663
4200
3934
5929
5321
951
1730
5777
5948
1711
4808
2851
1217
267
5720
362
3725
3725
5967
1996
4675
4276
2889
324
2091
5872
5150
4162
4466
5131
4675
1711
3345
2623
5207
248
1141
970
39
4675
248
2414
1540
5017
2680
1293
5378
3972
5017
2927
3554
1274
1217
457
1616
894
3896
4333
5055
5929
3478
1331
1654
4390
1521
4447
2205
2680
5416
2262
1369
3231
2243
2908
2281
2509
4200
1673
495
799
4618
1616
2091
3402
5625
1274
4295
3554
3174
951
3497
4219
2281
2737
191
3801
1198
2395
495
4181
2224
5416
1426
4485
2357
1274
1008
4124
533
5055
2509
2718
4257
2167
134
3896
3440
4447
1464
4181
5397
4979
2414
1692
5283
2604
3060
495
4998
1141
4675
4808
571
3668
3307
495
2528
1882
2205
3060
951
4713
5777
5207
894
5910
3136
4333
4371
2167
96
3782
1160
2509
3041
457
2680
3687
4504
5245
4827
761
4067
2965
2015
1388
3478
4542
3269
5682
1616
1806
4409
1407
1027
2870
1331
1730
4770
3288
3915
4865
4637
2642
4941
5264
685
1635
2965
5188
894
1806
5967
2547
4770
1996
3934
5815
4105
4789
5511
5720
609
1502
1141
5188
4371
39
4504
3155
3326
1
5587
5549
2642
4542
4827
3326
191
1806
115
4656
3611
3649
1217
5948
3212
2718
3364
1331
1521
2889
1065
5682
1977
5758
2471
3915
5796
4542
4656
723
4542
4257
286
4751
2832
5112
2110
590
932
5777
5245
2110
3440
476
5625
666
3212
3003
1996
2300
3478
628
5568
3022
400
5606
951
210
4162
3174
4485
286
1464
4770
5036
1863
1464
4713
2452
5948
4504
1730
2072
5511
5758
5283
191
552
2300
5739
438
5777
3934
3573
381
4333
3193
1350
2129
4922
2091
628
5207
3554
2984
1825
2984
4447
571
5454
4428
2642
4751
4067
2186
4523
3364
5929
2661
3250
5701
3098
609
1217
685
1008
5568
1445
5910
5264
381
2015
3459
3155
3155
457
2547
3706
2490
3117
3174
4485
3345
5492
134
5530
1616
1084
3041
4276
4333
2756
4941
2509
1559
5625
3516
1141
4637
1008
3972
5017
609
1445
5739
1331
5473
2300
5036
1977
3003
5796
4029
362
5302
4162
3459
932
5245
514
2775
1160
856
1730
3687
2414
4922
4770
1122
1141
5796
5093
172
419
4105
3478
1749
3592
5796
799
3136
381
4162
1179
4295
3497
5359
5321
1996
2186
5834
2357
3364
4257
4086
1065
4238
609
5834
5359
1749
3212
2034
5492
3630
3725
552
2946
1331
3915
1331
4485
4295
5492
5663
2604
3003
2604
1939
2585
2376
5359
4941
5739
3630
609
4371
5454
4770
1787
2395
552
5017
2015
3611
229
5739
4162
3193
1084
2110
2091
3136
3972
1597
400
609
2186
3003
115
4770
2946
3041
3725
2699
4257
1901
4637
3725
704
4010
134
1255
3041
2148
2433
837
1901
4162
1597
571
286
3687
3706
1844
5302
4105
2452
5055
4694
134
3839
1654
3193
5131
1939
1464
4599
4143
5188
5302
2167
2889
4124
5207
2623
571
3630
2091
4751
5226
2661
2604
2946
3953
2015
5815
2072
4466
4884
4333
2186
305
20
5378
3003
5511
4409
1616
3668
1179
951
5853
4067
2642
2642
4257
3231
286
381
5549
5530
3041
5720
58
4561
1768
3440
666
3801
5891
2566
3554
3763
2585
514
780
5663
4922
5948
3364
115
4466
3231
1768
1141
3440
39
1939
3744
3972
5055
856
4599
2357
913
3174
1692
1920
1407
5511
1825
3991
3079
5587
4143
1179
3934
3839
115
1464
1217
3801
3516
2015
3136
2224
5454
742
4162
780
4732
799
1635
3345
3155
115
533
4865
5587
1958
1958
1426
3516
2604
4580
1673
3782
2528
5511
1483
4010
4295
5283
5093
3877
1
1331
932
742
5492
1711
5473
305
932
400
1027
4599
4504
5891
4219
476
1863
5644
1559
2053
1825
3231
5834
4352
343
1331
5929
4637
4181
5036
2547
4181
381
3478
4941
3440
2756
1996
1312
3687
2414
5910
5872
4485
5815
4105
4960
5264
1331
4086
1331
3155
1331
4732
5093
1673
96
2604
3896
4276
1673
457
58
5606
1502
4998
647
1825
4561
5511
5530
4542
5435
2984
3041
5283
1103
5568
2129
1
3668
1027
3174
5017
5758
5834
4257
3421
2452
2167
1730
1692
191
1787
1331
5245
4352
5530
1103
495
5055
4200
5055
4523
1198
5663
1388
2300
5264
3516
5853
2946
4542
609
5530
1882
457
1388
5321
2927
3554
4618
4618
1331
3972
3516
590
2338
3060
5245
400
2148
3459
5454
685
4656
5150
5625
4523
1996
3155
4409
2509
5264
5017
2072
4713
3060
3459
4048
1
4580
2680
2186
5910
666
5720
4086
571
362
3345
989
77
837
4010
761
3060
742
400
1616
2737
1122
3592
5264
3953
191
4903
2699
3250
5929
761
818
4523
1027
3022
2034
5245
324
3687
3402
685
1046
4390
780
5435
5967
5093
2528
742
3079
1711
1046
1768
2870
3877
5739
3060
2794
2452
343
305
780
1160
2414
5359
4181
4447
4637
2072
5701
2053
2775
4314
4010
1122
3782
3991
3782
3877
2300
875
3155
3364
229
39
4808
5967
3098
1635
1
1008
1939
4333
2186
4352
3725
3934
381
2376
3592
3649
1996
381
1996
20
5055
5777
1578
2851
1236
3896
1312
1958
4827
5093
1996
3649
5074
2661
2851
2642
3687
2376
989
3440
4295
2281
4941
4694
2224
2547
2357
4219
495
1920
1806
3117
1711
3402
3554
514
4865
4865
2471
3706
3972
2034
4922
628
2281
1806
837
3535
4181
5378
989
2490
1692
3497
4751
3915
77
4694
2167
4124
628
3972
1274
5910
4941
4827
3991
3820
1274
495
1540
2813
96
495
1008
2376
5853
1844
5910
4048
1236
4466
4105
495
1996
457
4428
5625
5150
4162
1331
5777
2148
172
3269
1122
2566
1293
4941
1407
5340
4067
4219
5435
2129
2794
5397
1996
4637
2889
3611
3459
4941
5283
3953
4504
5739
5948
1711
4903
4124
3041
2281
305
3231
5549
4979
3364
4409
1502
4789
3763
3136
3022
799
5264
3402
3763
4827
5606
666
2452
3079
5606
1768
4618
4124
5074
4580
5834
1578
305
476
3858
609
1274
989
3155
4637
2984
2224
3440
761
5378
4048
5112
2224
5017
2889
1084
4637
1141
3535
5302
761
2870
1502
2471
1977
96
5872
3554
400
362
4979
4561
5188
3535
5283
3858
533
1540
4865
4865
4485
495
3991
723
5511
4466
1806
4181
5606
2927
1065
3934
3364
2566
419
5340
229
3877
476
647
4238
3022
2775
1027
590
5644
4884
4675
4751
1331
3554
3250
1844
5131
3972
4922
3611
3364
685
3231
305
1749
1179
3668
4314
5169
609
4561
3060
4637
2775
4865
5245
3117
5891
3402
2775
2357
2091
1540
3706
3231
2357
3117
2376
3915
2053
1
1293
2756
799
5150
2072
5530
400
419
4713
4561
2547
5340
799
5321
4238
58
20
1711
3459
2813
4086
3117
1920
1806
362
4295
2490
2737
2224
2110
305
1084
4865
4656
248
4523
4219
647
4941
2946
5226
5055
2319
39
1958
4124
3649
1977
5834
1122
4789
3934
4238
4295
3307
2186
2604
5796
2490
2395
1939
381
3478
4371
5036
3725
476
3269
1939
2984
248
1179
2053
134
4770
4010
4257
2433
20
1673
1122
2376
3193
2946
685
514
5131
856
3896
5188
3250
3402
5568
742
5340
4637
2034
3402
1920
3991
400
5720
2737
2471
3421
1540
4048
5245
1540
4067
951
2680
4029
4143
3193
4713
2224
5891
3155
3687
5093
419
4656
4694
4732
1597
913
780
4998
400
4770
2965
153
1540
5435
3573
647
3516
419
2186
5150
1369
2433
761
3079
3193
3060
2870
3098
229
4143
2224
4200
381
4485
2946
5530
5397
3744
2110
5796
96
5093
3516
5188
4542
4675
5834
5625
5093
5606
2376
476
5606
3136
1122
2832
210
1559
5929
3991
5701
5720
2224
3668
4219
5169
3212
1198
495
5340
1027
4162
4447
2110
3364
571
799
799
3782
5891
3972
3725
3934
3592
875
5055
3991
4656
4200
1521
2661
3915
1255
2452
5150
3060
1654
2395
4257
5701
5302
2851
3877
1331
4979
4827
5454
5777
5625
3250
5701
1179
4542
1217
2338
5435
305
362
1673
4504
1882
1901
1
704
4371
5169
3763
3592
5131
2053
875
2015
4903
4770
913
3896
1179
381
1274
818
1217
4542
1996
5758
5758
1901
2775
77
2262
2015
2148
1711
3934
5720
2433
5872
2471
210
1046
5169
5815
1920
1198
4751
4257
5663
229
5435
58
1502
3820
4827
58
3383
4618
3402
5302
4960
3478
5131
1008
3212
875
2509
514
3307
5948
2984
1084
1008
5720
4485
495
932
3250
4770
4162
1046
4219
4219
134
5625
647
3744
3022
5264
1160
5891
1806
2224
5055
381
3003
5929
2889
3516
818
2851
4067
5454
1426
3801
3953
1939
2300
4770
723
476
5834
2509
4694
3535
5701
2908
1293
2756
5739
39
229
1578
2262
5283
1958
2832
2794
2433
362
3611
5283
4428
666
4295
2243
4618
248
4542
3421
970
5017
837
1046
1293
1939
780
4219
799
1103
3972
837
1331
3117
666
4200
5093
3497
1008
5093
3858
2205
1958
5853
2870
267
2110
5055
514
4219
58
5036
3250
4447
115
2129
400
4447
362
1217
5549
1901
5606
4447
5036
305
2661
1711
1369
1255
818
2813
3459
2775
2680
3896
628
4808
533
1141
3041
609
210
3877
2623
3877
20
3041
2338
3934
1825
5454
3402
4998
3915
2452
2870
4162
1730
4257
5416
115
1084
457
476
3763
4352
1103
153
4884
2243
780
3060
20
2224
5701
1464
5796
324
1369
3744
5701
837
1160
4713
2338
1198
1616
514
2927
5872
5929
628
4523
400
1103
5853
2319
2205
3592
4770
2015
1939
1863
5606
4162
5131
1084
3972
3022
2471
5283
2737
875
4010
1464
3212
5207
647
3725
5720
4086
1236
362
2623
5188
5017
77
5074
1236
3668
3877
818
3174
3307
438
1350
20
1540
2889
3041
1578
5739
5777
2452
3763
4808
5682
3003
3041
989
305
1141
5796
4219
1350
4998
3250
1426
4105
2053
2661
5549
438
5834
2870
894
4751
2889
1
1654
3497
1578
1407
856
4029
2737
3231
1293
3307
286
2300
3611
4998
2110
5397
362
4675
2661
5340
362
2281
2015
5910
2737
5416
362
1198
4181
818
1198
3402
4314
2775
2376
5169
4371
5112
1
5682
2452
286
5549
3630
5283
1673
3060
3212
3915
3288
2566
1863
3155
2148
1787
3459
1578
5720
4656
