3385
3481
1057
2221
781
1273
3649
3637
1261
3421
2953
577
1945
997
3349
3361
1789
2977
2761
1741
781
2089
1681
1993
505
3205
769
2677
3613
1765
3361
1681
1465
2881
121
709
373
2233
2809
97
1885
1981
673
49
1453
2485
3409
3241
145
865
1201
937
2953
1345
2929
1921
769
2161
3073
2845
145
2653
2989
1609
1753
1585
2329
589
37
3601
685
385
1813
3601
433
3265
781
2317
2725
3169
3181
2401
325
817
3745
1717
1201
2989
2341
493
517
2485
1609
3517
2569
1825
1321
3361
2413
3601
3181
1561
217
3457
3637
2893
2941
637
3673
361
25
1537
2761
2605
817
1189
2785
2029
397
1357
985
3169
2305
2605
2905
3337
2893
2689
1381
1537
2509
3037
1561
1189
2713
1417
313
349
517
205
2953
2797
217
397
85
1033
1585
1333
1525
457
1153
2521
3625
3469
3589
1213
1489
2701
121
1345
2701
2629
2845
493
49
241
373
2605
589
3145
1273
2005
625
1489
2401
709
2533
217
505
277
2917
1669
1261
1225
3601
1069
2437
1309
1
2557
1117
2701
3649
181
1657
2161
433
505
985
3265
3649
733
1501
2737
2221
121
1909
3217
2581
2413
1969
181
301
3229
1405
121
529
2305
3685
2773
3325
1021
157
3205
1213
1825
49
109
793
3289
3373
2905
241
3337
1861
925
1933
3769
373
733
2401
805
3169
1177
253
793
3541
3025
1573
3445
481
1117
697
649
2785
373
937
2845
2725
1729
2353
781
853
1057
349
1177
1981
2281
1165
817
1477
2029
1621
3109
1669
349
2377
1441
1837
169
1105
2329
1285
265
2977
301
2881
133
1609
289
325
2425
1081
3421
3481
3673
817
145
2173
445
973
2113
937
1057
1453
2617
3649
49
2521
1717
2461
2089
265
3745
829
3241
2509
2173
1837
337
2473
625
2761
3553
265
925
3445
3325
1081
301
2233
517
877
3169
37
793
469
3697
3085
2989
1633
1765
3553
361
1741
601
3601
2713
2773
121
3061
1465
2989
505
3481
1717
1441
1609
1261
985
1909
3493
1501
1261
1345
1
2053
1825
3697
1369
3277
13
3133
3049
373
3337
3649
2437
745
1117
1021
2269
2581
229
2773
757
1945
2677
2365
1669
3661
2749
3625
3625
229
3445
3637
745
3733
2017
2113
3229
2041
3721
973
877
3277
3085
3325
241
421
565
2509
1477
805
3757
697
1213
2653
3061
1357
1009
493
3445
3097
721
3109
1417
1477
3061
3445
2053
985
169
1993
1957
1045
3745
1261
589
205
157
3409
1189
97
2677
3409
793
109
745
2317
3709
1753
2821
3385
3325
2005
2713
961
3481
2005
2869
229
1453
1501
2221
3409
2557
2185
3133
1609
865
1753
3481
517
1849
2377
145
1105
2497
3133
3433
889
3361
2473
493
2905
697
3217
2329
2653
3685
3673
1345
1357
1393
3565
3229
2413
445
2581
2497
3553
2809
2197
289
3121
805
2677
457
1765
2029
109
2653
1609
1045
3157
2977
205
1057
1537
1321
3205
1429
2665
781
1285
925
2473
3709
1369
1273
2425
3385
2545
3085
3673
1897
109
1033
2353
1873
1525
925
3001
1609
433
841
805
637
1897
2341
433
1321
2233
1561
565
3529
2485
3037
3457
2317
2773
565
1921
1549
3649
277
3445
2233
1309
481
2569
1309
1405
1789
2917
301
2629
3721
937
745
757
3613
529
2989
1405
3337
2737
109
2593
877
901
1597
3685
2821
1609
2029
3109
3517
481
2881
2461
3049
409
2329
1069
3325
2629
2161
3277
2029
1381
253
1873
373
1705
3277
3721
2917
1849
2533
2257
2749
2593
2173
1801
2665
2665
3373
2401
3145
2473
1081
877
1357
1873
409
901
721
2581
2641
2761
181
1357
853
553
1537
2593
493
673
661
1501
2929
3421
2557
3565
3685
1453
2449
3277
2317
277
433
1873
1165
253
3745
1573
3409
697
2617
2269
3457
1261
2101
2773
1825
3637
1585
781
2773
709
745
385
2593
3313
2425
2497
985
1093
457
1765
3625
3145
3637
1009
3397
3613
1045
3025
529
3673
3769
2449
1153
553
3685
1441
2653
3733
697
1645
661
1441
493
3265
3217
2917
445
2665
2485
913
661
2329
2521
517
1801
2137
2593
2845
3637
3121
1201
3625
253
829
397
2401
2269
3049
2353
1429
3157
1489
1345
3649
973
781
1261
1417
1921
3745
793
2581
757
3313
1561
2557
145
385
85
1
1969
3541
3625
697
589
2485
3097
1321
217
145
2761
3373
1633
325
1705
2605
3349
1429
2485
1489
1393
1753
2533
2149
3529
2569
3169
2137
2953
1729
2137
1141
1489
445
301
541
1393
3409
1861
1609
3553
3085
3445
1405
3409
3625
2473
1453
1273
3421
1405
1141
3637
169
3289
3397
2737
1153
1753
373
2881
2365
3757
2833
2809
289
1837
2677
2161
3697
505
397
3013
2425
265
1105
2269
1201
2557
2005
841
193
3145
709
2605
2665
2569
25
2281
2785
397
3625
1369
2617
1141
2653
2905
2977
1549
3529
2893
517
145
589
2941
409
1705
3673
1609
2725
1909
925
1381
1273
97
205
2401
2665
2473
3145
133
2869
2989
1513
1717
349
2629
3085
3325
2641
2845
913
3157
2989
1501
793
1873
1669
2929
1945
625
1057
2869
469
805
2965
2929
3205
313
1621
1045
457
2965
253
433
3145
2857
3061
2449
865
1921
3757
1777
3541
1441
1753
2797
3313
1885
1957
1477
2509
1477
2821
1453
2281
2005
601
181
793
2221
1225
1249
1405
3721
1681
769
2797
961
1693
3673
1345
1669
133
3349
3109
1885
2377
1105
1
2797
1057
973
493
97
2425
1249
565
1489
1429
1357
3721
1117
1069
1345
1057
2749
589
2329
2173
2281
2221
1981
2413
2353
1561
1753
2713
2401
1321
1177
3661
2377
2149
373
937
3049
85
3757
757
1513
1333
697
1093
2413
517
2161
3625
3349
709
2029
313
1393
229
2725
2209
253
2941
1141
1117
493
2317
997
1333
2941
3625
2281
673
3709
2257
1429
3697
2053
601
1009
2929
3361
1633
2785
2929
805
3277
1705
2197
1969
649
2881
697
3601
2485
1813
313
1033
1285
1645
2437
1129
2389
3109
3301
865
3001
3217
1393
3601
2701
541
1645
553
1789
3037
1369
3529
961
2029
1729
1621
1129
889
1441
3625
2701
217
3121
2449
325
1777
2041
2725
3349
1573
2053
2569
3253
1909
865
2173
925
2509
2737
2713
1777
2569
937
1201
817
1129
2821
1957
2017
2725
1801
3181
2941
1141
1861
1741
1381
121
685
949
157
1201
1981
3421
3121
2845
277
265
49
3013
1441
289
1801
841
1489
2629
1969
541
3049
205
1729
1069
3397
3145
673
3721
1105
2053
61
253
1465
2473
1453
3445
577
3037
985
853
1765
1033
2341
1681
3565
2605
2521
1273
3697
721
277
2965
925
481
2497
2785
3625
3169
2725
949
1441
2797
3445
1369
3733
1117
1045
529
2629
493
1381
613
3769
2185
2293
3553
1021
3289
3289
937
229
3577
2377
3397
277
1093
2413
2365
493
1357
3313
397
2617
2977
1777
2569
2557
1285
3097
3649
1777
2953
2737
1765
3601
3493
1
841
3001
3289
253
3229
1549
2629
2857
289
3721
1489
2653
433
1309
649
3085
157
2089
1081
2725
3121
829
517
2989
2605
1933
1945
2833
1753
1669
2833
1069
889
805
1321
2593
2365
169
133
2653
109
1621
1537
2797
2929
2185
565
1549
505
1645
505
2089
937
3265
1297
2005
1417
3253
1057
1633
3385
2353
2701
2737
3157
241
1549
1741
2653
1681
625
1237
1765
625
253
3169
1273
817
937
241
925
3685
2329
325
3169
3637
2329
3049
1573
1849
913
1177
421
2077
133
2041
2329
1693
2257
3445
1837
1345
901
3613
1969
3397
1465
3241
2677
2401
1957
2065
781
505
2389
169
361
937
1693
1933
2785
2605
1573
1669
901
1717
3721
1693
1873
661
3613
2173
2005
733
469
2437
2605
1933
361
1501
2809
2317
3577
3589
2833
649
3757
3193
1597
133
3601
2845
2737
3637
745
2113
37
2929
2269
1909
2053
565
2557
277
1309
3025
2713
133
3433
1537
97
2461
85
2137
2269
2917
2797
709
793
613
853
2857
1921
2053
2725
1129
2629
2761
2521
3373
3145
793
157
1921
1069
1465
3409
2245
61
3061
13
2413
1741
97
769
2473
1477
3565
1657
2269
2641
973
3601
793
3025
2545
385
349
3769
2917
3721
1597
3709
97
3517
1009
37
1621
1717
2341
901
193
973
1117
289
1753
3589
229
1
3709
973
1117
901
793
373
2401
1801
757
2749
1789
3673
2689
3397
3613
1249
1597
3085
1285
3217
3265
3637
2593
3469
3073
3709
2221
1045
1981
2461
3301
385
3433
637
1285
2689
1009
3685
709
229
2653
961
133
25
2821
2209
1285
2893
3757
2569
793
3241
889
3385
2929
193
1777
1381
3481
2233
61
1465
2617
1957
2101
2365
865
1573
2281
1573
1813
3397
997
1945
3433
49
2617
3181
2941
2593
433
3733
2053
1333
1813
3457
3769
3589
1057
3469
505
3361
1165
1585
1537
1729
181
865
3313
925
901
3589
541
1897
217
2437
1945
2833
301
3349
1645
745
3313
2161
2077
3589
1837
529
1861
1357
2461
2377
937
2089
181
937
49
2605
265
1825
3529
1165
1633
2545
3073
1849
3445
1237
3145
3757
3061
3253
721
1057
1633
1261
865
1945
1789
2725
1765
2713
3565
2713
1033
2221
2113
1081
1045
2389
1369
3049
3553
1465
1813
1309
1777
1477
2557
1141
3697
301
613
2881
1357
709
361
2221
1117
613
3409
2893
3337
3205
289
2833
109
865
133
1153
3253
3745
421
1501
1429
697
2809
3205
649
49
2809
565
349
3421
3457
169
2593
2281
2389
2185
1369
493
1297
3169
3697
1585
2221
25
913
817
3421
397
3025
2317
361
673
3013
1633
2341
3661
1693
1369
2701
505
3253
841
685
529
1585
1537
2713
2953
2029
229
805
409
277
1489
2677
3445
769
2329
61
13
865
2665
2929
2341
517
1489
2233
673
1321
3397
3433
793
457
337
1333
2041
1873
265
3469
2377
2749
493
2785
1489
457
157
1153
3469
2485
3457
1957
1813
805
1105
2617
3577
1069
3313
469
2389
2929
121
1657
3385
2701
2989
1657
3049
1717
1345
1645
2929
301
2893
2893
3001
3049
2509
2701
217
2197
877
2029
1465
445
3121
1261
3757
2653
205
2377
1813
2569
253
1417
1501
1705
1537
769
3421
1345
2413
1045
121
1525
157
1585
805
2665
505
3265
3325
3625
3769
3265
2545
3109
745
2521
1981
3193
3361
2257
1993
2077
2149
3493
1
3685
481
1897
3505
1357
2941
3625
1345
1561
3673
613
445
2653
109
2245
2497
97
1729
3505
3205
937
721
3649
361
301
2137
2353
2389
505
529
2389
2653
3253
2749
2377
829
1909
685
637
1933
589
1261
2389
1705
3613
3097
2665
3709
3289
2401
1597
445
3121
3709
3049
3421
2065
1621
493
1033
613
2893
2161
85
325
757
913
2245
3697
25
2641
2749
3529
1249
673
3361
2809
3337
1753
2317
421
1813
1237
3541
1741
505
1657
2281
601
2149
1777
1213
3505
157
1309
61
3169
685
769
3085
709
3409
517
457
3133
3433
2281
625
1453
253
1417
1885
2065
2653
109
2281
1621
229
781
685
853
2557
1909
577
2725
1681
2881
577
829
2113
2125
13
217
2641
2713
1813
757
1225
901
2209
3721
2317
2557
481
3433
1141
2761
1285
1369
2005
1969
2221
781
2341
1273
1969
2485
2617
2545
3325
3205
889
3337
1885
1993
733
3697
1213
1957
3061
1897
373
1609
673
853
1261
277
3613
1009
121
1837
1453
2341
1081
2257
2077
1525
973
3169
2533
2761
2593
1897
2317
697
109
3049
2857
3577
3481
2137
1693
73
2209
829
3169
1945
1117
3001
1417
1237
3301
1333
2041
2845
3601
349
589
793
1981
1597
3553
793
3493
553
3733
2065
2065
1273
1861
229
1873
3553
2545
313
613
1933
721
193
3397
2137
1429
2917
1945
1933
457
1765
745
1045
1021
2725
1105
3037
1981
817
2053
1933
2893
337
3205
973
2821
3553
757
1585
2329
3613
3529
3049
25
3145
3649
3697
757
1813
1849
1213
2041
1069
721
3061
13
1837
781
2005
2653
2833
2401
229
1645
301
1213
685
73
433
733
2401
265
481
1669
2533
2101
1
2449
2857
1825
2761
2533
2329
49
3253
1621
2317
3553
865
541
901
3709
2941
1129
1573
3241
805
721
1777
1237
1453
397
3745
409
2065
961
2509
541
1873
49
829
865
1045
3157
3157
2761
3241
1693
2545
337
697
1909
265
2113
3037
301
37
73
3265
1825
3553
937
2221
1993
3589
2761
2953
781
3301
1057
3073
349
385
337
3505
3541
3109
2977
3709
337
3313
625
2245
2041
2737
1501
805
2785
37
289
3073
2065
3469
1513
277
1753
493
3229
2533
13
2749
1837
361
3133
2173
2341
2905
3745
1537
2833
301
3313
1921
2545
37
889
2521
841
2137
2557
3373
1429
841
3061
2941
3361
1033
1909
2821
2041
385
1789
97
757
3397
733
1561
2521
709
3097
37
1009
1093
1957
3565
1129
1309
2305
433
3445
3325
25
3337
2641
1549
973
2221
1057
2881
3505
3097
3265
3769
3193
2485
3385
2389
265
589
3097
1825
625
2581
2917
2581
829
2509
121
3133
2941
2029
1141
1429
1597
1
2989
2569
697
265
133
421
1825
3397
409
1237
577
2257
2089
841
2845
1417
1141
3469
217
277
2281
1045
1261
865
2641
2665
2893
2245
325
709
2257
3313
1741
1417
2041
1873
1837
85
1501
721
3565
2077
2977
1873
1381
517
1753
2521
205
433
1273
949
1477
2533
1813
2581
3661
3181
1057
205
2353
1777
1981
325
3193
2485
2197
3493
2569
2161
2677
817
2701
349
1165
2557
865
2917
1297
1069
3361
2569
493
3301
3565
769
2113
1921
169
1633
2125
2533
1873
2581
1321
3529
1285
1981
1705
2329
2617
613
3145
1537
961
2773
313
1825
1921
85
1357
1501
1117
1849
3265
3157
1093
1597
1297
1261
1693
1885
2257
3565
685
2041
1777
445
253
3493
2773
2869
325
601
2869
3529
3385
1657
37
3769
1741
1393
1489
1321
1717
973
697
2809
1045
1993
2533
1201
109
3265
997
3037
1525
1237
3481
241
949
937
1573
3517
1549
2917
3265
3397
3037
3301
3385
997
3169
3337
2317
1105
2773
1489
2377
2281
3481
3373
3493
2053
2857
2953
1321
2857
409
1021
1561
3613
1969
1609
3349
1981
745
2845
61
1
2365
3445
3241
1753
1465
241
1321
2701
1729
3697
1213
3685
3301
3169
1957
841
805
3277
3697
3457
529
3733
3289
961
1561
2869
2941
2305
397
3001
769
2761
1129
2473
2989
1057
2713
2773
3757
2917
2701
3433
2821
685
1285
997
3769
2089
2749
2161
1777
3277
2113
3529
457
3673
2617
1861
661
3013
1081
3673
469
673
2365
1921
1729
1297
913
1705
2677
3613
3613
1717
2761
1117
1189
2761
1681
157
1141
3457
1897
1717
3205
2353
73
517
2677
733
3529
2221
2869
2461
2893
1453
601
841
1213
1525
1009
121
3601
3085
301
2593
433
1489
37
2113
1645
3421
253
3541
3601
1921
577
3673
2437
1717
2869
661
157
1957
3121
3049
3409
2197
2353
3085
3721
1837
3205
2005
1141
3517
817
37
3469
3097
613
3589
1201
865
1813
1021
1261
865
913
3697
2581
1
2821
2749
1957
637
481
49
2833
1309
3145
1237
3145
1033
3241
2749
3013
2533
1261
2713
313
1873
985
1525
1213
2797
1009
2473
3661
1933
853
2473
397
3685
3685
829
2785
385
877
1837
157
2485
1537
3301
3529
997
745
1225
3529
2005
157
2317
97
1141
61
1309
2413
1069
2245
2293
1465
3109
3229
337
1477
3133
1165
481
1993
505
2317
2149
1465
73
145
3457
3313
889
901
1537
2893
1069
73
1453
673
133
1237
3085
3445
3481
73
3385
2809
3301
3721
505
2665
1105
985
3121
73
1765
1489
1537
301
1633
1213
2089
985
2125
3625
97
1657
3697
25
793
2293
1261
2353
421
3205
2425
25
709
1945
3745
3457
3073
3313
2917
2413
3397
901
2377
3397
3457
2473
3085
1765
3469
3673
1609
2029
1549
3769
2053
805
2281
1777
3157
1165
1213
1801
1201
1921
2221
1165
1597
1513
2953
733
2401
2569
109
3241
649
3565
1933
2197
13
1621
2089
85
3661
2101
73
397
2917
817
2185
2293
1981
1861
2569
1645
1
1009
2821
61
985
1993
805
1849
3025
3157
1309
2137
1405
3253
565
1417
3337
1117
3745
3217
3229
2281
2089
2365
3097
493
3121
3541
2353
373
1417
817
1381
2701
877
841
3157
145
1153
865
1765
2473
3001
3169
409
2029
3049
3745
3157
3013
1657
2605
1513
3745
3433
3073
2701
1237
1309
3517
1621
1189
553
1465
109
1429
769
1729
49
1933
2593
1813
2869
277
1213
3277
2317
2725
1705
157
1969
1825
1225
1945
253
3121
1249
2953
577
2557
2689
661
2209
3241
601
781
3145
3613
2509
3193
1765
3565
3469
853
61
3145
2593
841
2101
2773
3241
289
817
685
2233
1081
25
1945
2497
2857
2965
1417
1981
1393
3121
1045
2173
949
889
901
361
1117
685
2305
1981
3001
1669
3037
2305
3769
2029
1777
277
2857
2461
985
2401
961
2929
1117
2281
2125
997
481
1981
349
1
385
1297
889
3529
133
2005
2689
2437
2449
373
2569
181
2677
2569
2209
673
1309
3529
1609
757
2149
1033
3697
1741
3313
505
2737
2257
949
1549
721
1333
2857
1609
3337
1453
2089
2245
2353
3001
2617
1141
3181
1513
3709
1621
661
3493
3613
733
469
457
1765
2629
2197
3541
1597
3397
481
2557
1177
1213
109
2497
1285
3445
2413
3373
373
985
2605
2989
589
2005
2977
2773
2089
2101
2485
397
2833
2953
853
817
277
1513
2821
1873
1129
3301
649
769
733
3013
1729
2029
1141
361
85
1525
3589
1153
2977
409
1633
2173
3181
3721
493
1885
337
1789
3301
3433
1069
3577
1165
109
1681
2305
1885
793
1537
2617
25
3277
3109
1177
2101
1669
1165
385
2821
361
793
673
1009
2437
2869
3745
2785
3205
1765
2305
2869
2833
577
2497
1417
721
1021
3301
1513
1033
601
1549
2773
2185
1189
1093
73
2353
3721
2893
2713
733
2041
3721
3169
1129
3697
2173
2797
145
2953
349
2977
3529
2857
613
469
2341
2377
1981
3373
2989
1993
2365
1393
3181
1933
1465
1753
1873
2821
2941
1081
1081
1345
2713
2209
3505
3361
1237
3649
2533
1585
1321
745
661
397
1213
3013
2785
1657
1069
1993
2125
3445
3385
1525
61
3313
1753
397
2353
3157
1477
3445
721
421
337
2701
1
1573
2569
997
3169
2353
1741
2293
2761
1417
3769
1765
1537
1069
2221
3661
2977
289
3661
3037
3601
97
3433
2173
3253
3385
301
2437
2269
649
1357
733
2221
157
193
73
973
1933
841
3733
1813
829
181
3349
1897
2401
1705
1093
2689
1585
2593
2509
1681
2257
3157
1153
325
3457
3589
1057
2569
1177
1789
1021
3577
1981
3337
769
2377
397
2977
409
3481
3157
2221
1597
253
145
1165
2941
1729
3757
145
3409
697
1765
3025
1021
3685
1309
2077
2485
949
2329
1969
2989
2773
1525
2221
1369
397
1417
1777
97
3049
2473
157
1765
2617
1321
925
577
1309
3313
2449
2005
1297
169
1501
1213
1477
2041
2161
889
601
349
2341
3373
1873
781
3217
733
673
3457
3073
2185
2149
3241
169
997
3025
3337
37
2797
2881
2485
3277
2641
1117
997
2317
2593
1501
697
1945
565
1045
505
2413
1393
3541
1849
589
433
1525
3673
2617
2149
1597
1249
3145
3085
805
3181
2113
2149
349
1609
3265
1477
1069
265
2533
2569
973
2953
1609
481
3457
241
337
3217
2089
937
2113
2077
3073
3193
2689
3133
661
2053
2437
3721
3697
769
2089
2521
841
37
2461
373
313
1213
2953
3529
385
3025
229
2317
3265
2821
217
1573
2221
2341
2113
3757
217
1033
3109
889
1549
229
3073
3721
3253
1381
2461
313
3673
3385
697
205
817
2113
3733
3457
1357
2425
457
841
1465
673
877
2149
1477
1453
2125
1705
949
1453
1057
2509
1693
349
913
1165
193
1837
3721
85
1441
2881
2533
721
1213
2485
397
1033
3385
853
337
1069
1537
3457
3229
1477
1141
37
3181
553
1501
457
1525
1657
3049
2437
1285
3253
493
3469
3337
397
2581
2101
1129
2257
3049
3769
3301
2653
853
2101
2197
853
1789
109
2329
1393
145
205
1945
109
661
3481
229
3721
601
1513
1657
3349
1213
3457
3745
2257
1777
1093
733
3301
3337
2497
2173
409
829
2833
3505
2617
2941
517
2473
1561
721
637
1669
3637
2581
373
2041
3193
1885
3697
2761
1561
3373
1189
37
3625
757
3025
3145
313
1741
1
2965
1033
1309
2689
2113
2713
3205
805
493
157
3697
637
13
2497
1009
517
373
1357
433
1597
1393
2269
1261
3673
2113
2017
2917
3721
2329
3133
3733
3757
385
3505
2665
2509
2437
2089
1777
2941
709
1693
3577
2965
2665
3049
3481
1501
625
133
3109
2017
2413
589
1921
2989
1069
3301
2941
1861
2653
1357
1837
3049
1081
721
241
3517
1273
2017
1141
457
2185
3181
3421
1069
2449
3133
2569
1549
1729
361
2029
2605
3193
169
289
481
1945
3229
2341
817
3049
2641
2329
2593
1825
1033
2329
3109
3061
1945
3565
1465
1345
1669
997
25
1021
2029
37
1225
2401
2065
2293
1813
709
2581
769
2653
2029
1573
3469
3541
445
493
2353
2269
1525
3157
61
3049
1321
3625
733
2665
1525
193
1153
1009
2233
3433
697
853
1729
3001
1129
2437
1801
1897
1309
2305
1945
3241
2065
2389
3733
2893
3121
1489
2269
3193
757
3589
1501
3745
937
1489
157
565
