703
443
2198
1652
2055
599
118
1548
222
2159
690
963
3108
1639
3290
2523
573
3069
1379
2458
1678
2692
3121
3888
1197
2237
1795
2484
4044
2744
3992
3082
3186
2094
3082
1158
1028
3199
1041
1262
3693
79
2224
2705
53
3849
3563
3056
2822
846
1418
404
1886
2874
2640
1418
3446
2770
2250
1743
1418
2146
729
508
2575
2146
1
3602
1249
3485
768
3277
3563
1340
1899
3615
3524
1366
2575
2263
560
2328
1002
2445
3537
3641
2198
2887
2315
352
534
2068
2497
3706
2588
976
1756
2588
2926
1353
313
2029
534
3875
1704
768
1730
1145
2146
2640
3407
2705
872
2744
3485
2744
638
1587
1548
2952
287
417
3368
2783
2458
1860
2107
131
2783
3368
3914
3108
1301
2783
1223
3017
3563
2965
2497
1613
3940
1808
2653
3160
456
378
1808
3524
300
1691
729
586
2120
1
1717
2913
1860
2159
1379
547
3862
1197
1990
1067
3992
3225
2419
3459
430
820
3407
274
963
300
3433
3862
3108
1158
3290
3407
2848
4018
2341
3303
4018
2393
2133
118
456
3511
3108
2653
3056
1002
3719
2952
2562
391
651
2991
3641
2393
3277
521
2692
2614
2718
1704
2107
1912
3446
872
183
1691
2510
105
2419
547
235
1210
2406
3342
3862
1366
2679
1834
2653
1158
2224
3303
53
1769
1600
1665
625
2627
2627
3342
2666
638
3602
2016
3940
3784
2055
2367
2224
378
1249
794
1600
3654
2471
3797
3355
1067
1535
1912
560
3758
3550
3043
3875
3485
625
2835
352
3251
430
3017
2224
4031
3381
2081
2055
1340
2783
2614
53
4031
3420
4083
1938
1795
3797
1197
1197
1236
1457
1756
3342
3342
716
1457
2744
3771
196
1431
1262
3056
365
3485
2991
3745
3901
3381
3420
2588
1912
3472
872
3667
1808
2809
1366
1509
2341
911
1080
2133
2666
2757
1392
1717
118
2471
3823
326
3901
3420
3381
2601
1158
625
586
963
2341
4005
1899
2588
1730
2770
2159
1873
3914
1873
1717
495
2783
2796
976
1353
1470
703
1418
1587
3173
3576
248
1314
2913
1977
2263
4070
937
2848
3368
1613
1106
1171
118
1171
2276
612
3043
2094
2484
664
937
1171
1795
1912
872
3264
2614
625
3199
27
105
1782
3771
3017
2094
1938
2991
3030
3134
2276
2991
2575
1782
3108
3745
4070
3719
1028
404
456
27
3771
1626
1821
1587
2497
3433
2536
1457
872
2562
1574
989
586
495
3095
859
1834
365
3992
2445
3355
807
131
703
456
2536
339
3914
1288
794
3940
963
755
14
2562
1600
1782
3433
3056
2653
248
534
1977
833
3472
976
1691
3641
1353
4031
326
612
742
2887
1327
3641
1340
1
3459
2627
3225
1652
1925
2315
1
391
3914
1782
2172
1223
2770
2419
1756
651
3251
3563
4070
3277
1444
1327
3212
1769
274
3966
3004
4031
1847
248
2367
3641
1210
1496
3628
3134
3823
3628
1873
1977
3745
4044
3199
755
2367
3303
3849
3953
1106
3823
3134
2562
3485
599
2666
3758
2900
1574
2042
651
157
313
196
1366
157
3836
2848
2315
1704
3056
196
3797
1340
3407
456
2042
2614
209
1899
3719
2367
937
521
1756
1535
3199
3862
339
677
144
3420
3277
456
1964
2978
3043
40
1730
1262
1743
3121
1470
3875
365
3212
248
2406
66
2887
2640
3784
3602
1925
2653
3693
1795
1756
1795
482
768
1938
3901
2380
742
1769
1275
3784
1808
3004
3394
1899
378
768
1678
742
2315
261
1496
2380
1496
40
2068
1002
1964
3056
599
3771
3147
742
157
2263
2679
2393
547
1756
79
1821
1457
222
3173
755
456
3550
3953
482
2627
2172
3173
27
456
573
2510
859
4005
2809
3927
2952
2484
1314
3693
976
3576
612
3381
40
2380
1795
1860
3836
352
937
2926
820
2822
1119
3732
1366
1626
2809
3823
417
1730
2237
3706
4070
3394
1873
2926
118
3199
859
1106
2679
1483
2822
2718
3862
521
2926
1938
3303
3862
3199
2458
2601
222
2094
2302
183
3251
2029
599
885
2614
209
859
1912
2094
2133
365
3628
2991
1470
2211
378
2627
3277
2575
1483
2107
417
703
1873
3615
3160
2809
2172
3602
3446
690
2757
1392
3719
1977
2341
3940
1171
2588
274
3303
2952
3901
547
2770
352
3355
1301
3628
1847
2796
1639
2263
1834
1860
131
898
573
638
2835
2367
1340
1496
3758
963
3472
339
3238
560
1262
1847
2198
118
4083
2744
1223
352
2016
872
2315
2198
2003
3966
365
3836
1730
2926
3069
638
1912
1821
3004
3251
3316
1002
2549
1041
3771
40
4031
937
222
2133
3498
2653
3225
625
3004
3576
1496
1223
1678
3498
3524
378
1574
1158
3316
560
144
1132
2380
1483
2718
4031
2497
3602
3407
2172
1977
3342
1457
547
3823
859
3199
2952
3914
2107
768
3758
1665
2445
3160
3537
2822
3082
599
378
3641
3173
3940
261
573
2562
2627
1405
417
1951
3576
729
1197
937
1275
3355
131
378
2211
4057
820
2978
3719
2497
3758
1119
274
2497
105
872
1210
2081
2393
1067
677
2965
1964
3316
274
2380
3602
2185
3121
3134
1470
300
2406
1600
690
2952
1561
1509
183
3615
2341
3940
651
2614
677
3186
1834
1899
1184
2562
2965
196
1431
833
1847
40
1561
1353
560
3017
404
2029
3316
1145
3641
2341
1
3537
2198
183
3069
2874
40
2055
3836
3147
1145
4005
950
664
2471
2250
872
2237
1431
2718
2276
2991
2419
2835
1912
1158
3212
3563
2302
1093
1821
2302
2965
2354
833
1938
1132
3303
2328
872
2354
3485
781
1652
2484
3251
3901
3355
3823
3667
326
2003
2562
1080
3186
2809
2237
638
625
2874
1730
781
3511
599
3134
248
885
2601
3550
3212
3485
157
937
2601
1808
3433
105
1613
1028
3927
1197
3784
183
2094
768
1704
3251
1340
2341
2211
118
4070
2991
3641
3004
365
2224
3888
2965
1691
1353
690
1847
2289
3303
1990
4057
1743
3602
3433
1574
3134
3121
92
3576
2237
1795
1067
3576
40
3277
2042
2445
508
4018
1366
872
2146
3589
3836
2172
846
443
2354
1483
2081
248
3875
3823
2198
3212
3732
3667
586
3836
3147
1158
1535
2549
638
4018
1730
1015
2367
573
937
2068
1444
1431
1574
3628
3602
755
4070
209
2237
391
456
365
2549
989
3576
2185
573
2497
261
3719
3654
144
521
2640
66
586
3654
768
1171
2939
2848
2614
274
2757
2146
2211
3511
456
2419
1
846
1223
365
3394
2211
2276
3927
2783
690
92
755
248
235
1275
1223
2731
1860
794
1847
1366
2068
599
3992
677
1691
2042
2887
3537
846
3654
3537
27
3212
2237
1769
1327
430
1600
2458
1119
27
1548
3797
2705
1158
937
3771
3017
66
1522
300
2133
456
2627
2809
2146
3004
4031
1600
3849
1925
3472
3888
1041
1626
3992
2380
391
1496
3173
3940
3953
625
3641
2562
1782
2913
586
3134
1314
2107
1769
3446
2575
2731
495
3056
1652
2874
2991
3836
703
2380
1964
1756
2341
1860
2471
2731
1691
1548
911
1561
508
2887
2458
625
1717
3043
3758
1366
1067
3875
729
3641
2510
3654
937
66
2432
3940
2250
1483
560
118
3238
2900
1990
4044
3966
3680
3927
781
3576
339
2003
1951
963
3719
898
3056
1002
300
1171
66
3940
3693
2055
3225
2094
2835
3069
248
222
3628
2809
1795
768
3134
1743
638
2718
1574
3849
2211
248
1756
2497
3641
3823
3394
937
3160
3706
2120
1561
1886
53
1951
1015
2146
690
2419
742
3342
1951
3550
1041
2718
924
1119
1691
3641
1028
3875
92
1275
3979
924
3251
2042
235
105
1106
2276
2224
1002
2497
2276
2952
1860
2757
1990
183
3498
1236
482
1288
625
3199
2211
79
3238
105
1119
3017
2627
729
1236
3563
3992
3277
2133
1
2718
313
560
3719
2809
2835
924
573
1496
1249
3199
3342
820
3680
534
3875
1119
1093
3966
261
1197
3420
1626
2159
53
1197
1626
2380
391
3758
716
3108
2406
1275
1080
3563
14
339
2471
3953
1587
1574
3199
2406
1158
2068
2198
625
3160
404
3316
2692
3823
3277
768
2211
391
729
2939
781
404
3654
2224
2809
846
1639
612
3290
313
3095
3147
1899
573
2250
2653
79
235
3186
703
1730
3589
4018
339
1652
3212
3537
2198
1938
170
1041
1054
3004
612
1613
66
3888
3264
677
3082
3576
3771
2146
3823
261
2731
716
2770
1301
3901
3472
3043
1730
1730
3381
3381
3277
1158
1483
1119
1327
2536
2172
2679
1483
3797
2744
1275
1301
3420
261
3212
3108
742
1275
1704
3485
1990
378
3121
1795
2185
2068
3524
3914
3784
2809
3108
846
2640
2562
521
3511
3082
3199
898
1119
1847
508
2419
3602
3199
3966
950
3953
1158
2653
1678
3147
1366
703
859
3550
1119
2718
1717
807
3875
3160
1
2419
1626
521
170
3043
3719
1067
66
3901
4005
2484
3407
3108
703
2705
1301
1860
1262
1314
911
976
365
105
2861
1483
2835
482
625
950
1977
625
3368
1951
1145
3537
898
3199
2939
976
1340
1184
1795
3095
196
2497
1704
3940
2692
1301
1158
3615
2276
1522
2055
3485
3004
794
2302
1977
1743
196
2601
3446
482
2094
1223
1379
1197
2497
690
885
3680
833
3979
2224
3329
1587
2068
1938
1223
3225
3888
3511
3095
1847
2900
339
989
3537
2315
1067
3732
833
2861
118
2926
4083
3940
2458
833
2965
3342
417
3797
1561
976
1379
3147
3043
3316
287
2185
1444
2133
3615
1626
3368
3953
2614
2809
2185
2029
794
3017
794
3342
183
3212
3186
2640
2380
2068
235
1145
1769
1795
2120
1483
3290
1080
703
1912
1600
482
2380
1119
2120
1652
976
3069
2796
1496
3433
3589
417
131
1184
3030
1691
2705
1587
4070
677
157
1119
794
1951
1587
2276
3576
2666
1327
1392
2601
144
3771
2055
599
3758
1366
3680
2471
2874
3017
300
1626
1496
1483
573
1522
2536
495
1496
3212
651
963
2341
2601
2549
2965
2094
3550
2627
1821
391
2770
1509
2445
3381
1171
3810
1301
1977
924
222
625
2562
53
443
3134
1574
2978
3628
1418
443
183
716
2783
1119
3264
4083
1548
1054
2614
3381
1444
1301
3225
2224
3017
2731
274
222
3056
1210
2874
3680
3771
2939
27
2809
2848
3017
677
170
1795
859
3316
482
313
820
482
1873
1873
1431
3589
1652
1067
1054
2211
4083
3784
2497
2640
1080
3706
1431
664
1717
2705
3134
430
1457
391
3537
4070
2185
2731
3290
2666
3043
27
1483
3251
235
1262
1080
235
2328
2133
2445
2328
170
846
872
1249
2887
638
1925
508
3342
963
3368
3147
1353
2809
1457
1873
1444
651
443
2835
3108
274
1990
1691
1535
3082
1925
2198
1119
274
430
3719
1132
3745
885
2354
2718
1145
2874
1977
2107
2146
3459
1795
3303
820
2003
3082
3901
781
1821
2926
1054
3823
521
924
1145
781
3134
2263
1054
1899
1899
521
3979
1119
2887
2614
2263
1665
2926
2705
2146
2289
2835
3784
3108
742
2783
2913
1522
508
79
2588
2666
3030
1847
3810
3810
3316
326
781
3563
560
1301
3446
1678
2523
300
3940
2523
3225
2549
586
1418
1288
274
2861
2029
1392
1691
3550
248
105
378
2913
3147
573
2640
2861
3888
1301
1977
3355
1860
1626
1054
3537
53
1353
1717
2588
495
2601
1509
1912
3888
118
690
157
1522
716
2042
1769
820
768
3017
2302
1340
3992
3511
3563
1197
3823
1171
3056
1353
2224
833
3849
3576
885
677
2406
3485
2185
2666
1613
638
3355
1769
495
2406
2159
599
1561
2926
3628
2211
2601
3524
1626
404
3069
1353
1574
365
1054
3797
3641
807
1626
430
1483
4031
3927
2003
2601
1444
976
196
1561
1483
937
3719
2081
2510
885
4044
3056
1821
1821
586
2224
794
1938
2146
3589
2991
183
3134
2133
1808
3576
1951
92
1743
3953
1028
3186
846
1236
651
664
508
2705
2744
1353
1925
1041
313
3745
2861
898
222
3654
1184
2367
3147
2510
2549
534
560
2705
14
846
2796
1756
716
3823
3277
3992
3394
2276
560
3914
885
1639
1171
1158
2679
1496
3238
1444
729
3459
3433
1912
1730
833
2770
2627
1366
1665
1236
3810
2510
2367
3901
1561
430
3082
1457
3836
1262
352
1990
495
339
3160
1652
3017
2991
794
2809
2068
170
482
2315
235
3745
989
1197
3446
2653
2432
3160
3511
3134
2965
976
3576
1964
781
3316
1561
1132
1210
2055
3901
2705
2042
1171
4044
2848
2315
2016
1353
2796
2666
4018
2458
3667
1132
144
560
1899
3316
4070
950
2185
3394
430
2484
79
2081
4057
1210
1626
352
3459
2666
2406
534
950
3589
2848
1301
846
1548
3979
3199
2341
1886
2666
2497
2445
482
53
768
3862
573
66
2627
3069
144
3043
1366
3784
573
1717
3147
1574
2458
2016
2536
1951
768
3836
1132
664
3719
248
1340
3940
2913
2172
2302
1730
2224
1405
1496
2809
1470
2458
118
4044
1405
3914
2068
313
3966
1132
1899
2341
3147
2770
196
2263
2510
1340
2926
482
4018
170
326
2835
2354
963
2913
2913
703
313
4057
2172
1119
79
456
2523
2328
2536
2848
2211
2003
3082
456
3485
1756
3082
1652
2601
2757
2913
1418
2679
1431
92
3862
3784
3485
2679
937
105
1327
911
612
2445
3420
1080
885
1665
1951
2068
2211
3953
3485
1002
1678
3576
4083
1678
417
2757
495
1847
3771
1925
274
3537
4044
3758
2120
898
3862
3459
144
391
144
3563
3901
3459
3563
1756
3862
14
4044
3251
1015
1626
1067
3446
3303
1496
443
2146
1678
118
4070
1951
3667
4031
4044
27
3264
3823
1821
3407
2549
1977
1210
2354
1340
3121
14
1119
1470
2393
2705
2497
2354
3784
1847
4005
3615
2289
2055
3628
742
365
3914
2744
2731
3862
2783
1899
3589
508
3641
2042
820
3199
2731
2172
560
1080
1626
2029
3472
2666
430
79
2354
612
4083
209
1236
2042
3836
1990
742
3654
3069
3485
1769
1756
1288
3693
612
3277
4083
1431
716
2718
1938
1275
3810
1899
3303
1522
482
2081
1600
1171
1028
1587
1392
612
1964
3563
937
2718
1470
4005
2107
3238
1678
1730
2835
625
3342
2822
391
4057
3888
2341
1236
3602
2575
2887
3459
3056
3303
976
144
235
898
3966
846
1210
1769
1782
2263
3238
1704
274
716
1717
339
1899
677
3693
3056
1067
3654
2848
1743
3238
690
235
2029
2497
3290
1236
3472
1769
3901
2705
4070
3095
3914
1756
781
2081
3329
820
690
4057
872
3472
196
1548
1405
1587
2627
3394
352
274
2536
3472
2939
2900
1873
2146
40
3680
2250
2289
638
2237
1288
456
3992
404
885
1561
3667
4005
3953
443
3381
53
339
690
1652
1301
1
339
1574
872
2146
2861
3784
2367
3342
2159
287
1496
352
924
2068
1639
1392
300
391
612
1873
4057
521
1730
2835
3914
131
3173
2939
118
378
1275
2887
300
2159
937
3160
1847
1639
2406
4005
1938
2237
274
2861
222
248
2588
521
3069
1535
2393
3030
2068
2471
118
222
2601
3290
1496
2718
2016
2783
1509
651
846
781
3810
2692
2432
456
937
274
1028
3641
1470
1249
2237
2406
118
1210
3940
2510
2588
1912
885
2705
469
1821
235
1977
443
2250
3095
287
2900
3940
1080
950
872
3511
3836
1808
2120
781
3797
3589
2029
1938
235
2146
3147
92
3004
1639
339
2224
2679
820
4057
2926
1132
2835
3511
131
3134
664
4070
118
1613
3277
1964
1366
3420
2419
2146
3121
248
2510
963
495
3004
2458
586
1912
2432
924
2471
1028
79
2432
2289
1210
3615
1704
1340
2653
2367
3745
1106
2328
1262
1405
2029
599
3823
2510
2055
4070
924
3030
469
3927
3823
3485
79
2159
326
2562
1522
2835
3329
2146
4057
2848
2198
3732
3836
2900
1730
846
1132
2991
2250
3160
1925
313
1574
3992
300
846
1262
3199
677
989
2601
3199
1483
1262
1665
3017
1
3329
1067
2393
2094
1600
2042
1834
417
2107
1028
1548
1002
1613
3056
1275
1938
2965
1171
573
3810
2432
2107
2835
1756
612
1938
3238
209
1938
495
2653
1171
4005
950
3264
1509
1327
3446
1925
3433
378
3485
2783
1990
781
4057
2263
3745
3563
2835
1808
235
859
547
1990
3901
820
1132
27
1093
1639
1015
2263
1548
1964
3875
3056
1639
1561
3329
3407
1938
1054
2094
2263
1834
391
443
3914
2289
3277
1626
2523
2471
508
417
2289
3758
3992
651
755
1535
1665
1366
1418
3628
3576
2809
3602
1041
2042
2926
1314
3095
3355
3576
3264
3758
2354
3095
287
1548
3056
2822
2354
3576
3238
547
1574
3134
1197
2341
3004
1197
3706
2757
742
1522
1483
2679
2562
3524
1509
2211
872
781
1691
40
2874
2393
1470
3160
3940
2874
222
2198
690
1808
1093
2263
846
625
508
2198
1834
2549
859
911
2406
677
3589
872
118
1015
1418
3420
131
3121
1795
3004
1418
1613
404
3693
391
638
131
1080
2445
3654
1678
1626
196
2198
2159
2029
3082
3030
2939
1405
3706
768
612
2159
1782
2042
3914
248
3498
4057
1587
3251
1574
2003
1184
1964
976
3745
1379
3420
3316
3056
3381
1847
3589
1457
2211
924
2822
1054
664
768
157
1275
1275
287
1652
1093
534
3485
1054
2133
2640
963
2471
2159
2926
3446
1821
2640
1106
3472
1613
391
1223
1106
1847
3433
365
3004
2822
1028
3784
1314
651
3394
1600
2302
391
2146
1704
3888
2614
2679
3186
989
3186
2029
339
3342
3004
1444
1054
521
170
2276
4070
365
4044
339
3368
1106
3810
1392
2419
365
690
4031
2666
3524
417
2705
1652
1366
3732
742
2354
2822
2770
1028
404
27
807
1457
547
976
2068
2952
1340
2016
1639
625
1457
1353
2016
2211
1717
1054
482
287
482
898
1340
2133
2263
3407
2874
2952
2133
3992
3979
872
4018
690
2328
2900
14
300
1769
1353
651
3407
313
443
664
677
2653
716
1730
3147
3433
2211
2380
677
248
2991
4083
1457
1847
456
1353
79
1327
1275
3199
1990
92
3212
625
196
482
1275
3602
3225
53
2601
3901
2718
3316
1535
105
2653
2081
2484
1678
2328
1379
1665
3797
1574
469
3485
1652
131
3108
755
2133
3199
3979
2757
1730
2796
2380
1236
261
2432
2172
79
3485
3823
4044
3589
2380
2042
1990
2393
2705
1704
4070
2406
3277
2874
144
3264
3004
3251
4031
1041
690
2250
2146
2419
3381
2861
3654
3641
3628
66
2055
3030
3888
2016
859
508
4057
1184
2913
1002
2900
1223
1756
417
1
1899
3693
1340
1054
1964
729
1743
118
2874
66
1834
4070
2055
3810
3602
456
1782
2536
248
2133
3407
3186
430
2926
339
1431
1730
1561
3186
495
3992
989
92
1249
378
2055
313
2120
508
3186
521
677
1496
911
391
1002
1366
2172
1886
4044
2640
3628
3147
3069
2458
3485
417
2536
3394
3602
3030
3290
508
3121
2874
885
3511
3186
1353
2354
612
209
3030
443
1132
3420
1457
2497
3940
1678
794
2484
1210
3940
1470
2003
1665
1886
443
963
3823
3472
2601
2666
833
3810
3563
248
1249
3251
937
196
3459
3966
651
495
1639
2107
1340
1483
3784
2133
2302
3329
313
2107
1236
313
2328
1691
1288
2068
1067
2224
638
248
274
2536
2926
1522
1691
3875
1730
3498
3745
2380
2328
3719
2822
3667
3537
846
40
1756
79
2783
3862
1314
3108
443
1340
2731
2510
755
859
1483
1002
1132
4031
3927
1002
4057
3706
1067
1795
1704
3446
40
1327
508
2042
781
1353
2094
872
3862
781
3069
3511
3888
3511
768
2523
1925
3953
1717
1756
859
1197
1691
3121
534
4083
1080
1600
1795
1119
950
1834
2445
3888
3875
1561
3576
209
768
3342
3433
3849
2757
1561
3264
1860
2432
3537
1717
53
1197
911
3680
1223
4044
118
3641
1028
1717
3771
2146
1002
3940
2926
794
3732
2835
274
2276
3602
1951
1613
3355
3056
3186
872
820
1522
2744
2549
4005
2276
1795
3602
1834
1743
3719
1379
1106
3784
1067
3251
690
911
430
3927
2978
3264
2536
3602
1106
404
1119
378
3459
2640
3680
2614
2497
2328
3498
2419
2939
1210
261
677
2952
3979
391
2406
2003
3888
3992
2705
3147
326
872
2029
1925
3407
3966
3043
3810
3433
3420
1509
1977
1340
2471
391
2003
1873
1145
846
3082
1405
1522
287
3719
1912
2692
1639
1717
2588
2679
768
1262
3550
1132
3186
2861
3446
2133
924
2783
3888
768
664
1132
3238
3485
1470
1028
534
2315
2445
274
3836
1067
4005
1
3758
3979
53
599
2562
3251
196
2016
2718
3381
3212
2068
3862
40
755
3654
3251
3862
3134
2393
3251
508
3420
2133
1171
118
2406
911
1184
651
3342
3290
534
3394
3888
1431
885
2419
1782
3615
1704
911
1587
1470
3381
690
3472
2536
456
846
846
2042
3784
2601
79
859
2718
833
118
2250
1483
1795
1444
365
1106
3667
1795
326
1990
3589
3940
3693
404
3875
3511
2120
2900
1223
573
3355
2068
3849
3732
92
690
3823
963
3420
2991
1080
1574
378
2874
1353
3173
2315
924
885
989
2913
378
3264
846
3212
1379
2692
3667
183
3914
2575
1873
222
2328
1522
326
3030
3680
1288
690
2575
703
599
1288
1912
1951
378
2575
1210
1262
3563
27
4070
1067
3303
1522
2458
1912
1093
2640
66
3680
2861
300
248
287
625
1613
2302
248
2302
3212
3381
1236
404
1197
1522
3212
2107
2731
2809
4005
1093
1119
989
313
2640
3446
560
2081
326
625
1
3186
3355
248
1808
2315
209
14
2562
846
3225
183
2094
1977
3823
1951
3524
1834
599
2250
1756
27
3368
1080
2770
261
430
3329
2341
755
2302
677
3953
1561
3355
1
3888
3563
27
690
326
1587
885
2419
1899
612
274
1340
2445
3303
3589
2536
3342
1197
3615
2016
1457
2380
3693
2133
1483
1899
2809
1340
1795
2081
1340
1587
1548
3797
625
209
1301
1509
2627
1535
2120
1249
2874
2900
2887
2367
3784
469
3576
1639
833
3368
4031
430
3849
3849
664
2562
3524
794
2978
768
2393
2874
2913
1353
3082
2549
2861
4057
4083
3316
3641
2874
456
768
3576
2575
1249
1392
131
417
677
2497
3277
430
2250
3940
1327
1678
638
2653
781
1366
1431
2029
2718
2848
482
3914
1145
2913
3134
690
27
1938
1470
3602
417
1054
911
2978
1470
4018
3810
651
2783
1964
495
14
1977
3563
1002
1106
3277
768
3134
235
3628
1964
66
677
3212
1535
3810
3238
3472
3615
2744
2237
573
1990
1119
2042
248
3277
2692
3030
1145
1522
1392
1470
3420
2393
911
2601
3173
2380
2848
1041
2679
1249
53
1795
2783
3862
937
508
3381
2029
1080
2289
2354
534
235
2614
3810
1262
1548
3303
2783
1275
677
456
2016
4018
3056
1093
2302
144
469
898
3823
521
2692
859
2731
1977
1366
352
4005
781
2653
2263
1314
1223
3212
1041
2497
677
248
3615
1951
3355
4070
3966
3277
1379
3394
1483
3953
2198
716
3693
1067
3420
456
2133
3732
157
2484
3641
937
3472
144
586
3043
3368
1626
1444
2380
209
3394
2666
3563
1717
885
1080
3095
2614
911
1288
729
1626
3316
131
3381
3771
2263
3017
2263
651
898
1535
2471
3485
2133
1418
1093
3758
1197
3472
2315
495
378
118
547
1262
1210
1977
3888
456
3277
2952
417
2497
3082
3810
521
1249
1067
2783
235
313
2666
2705
2133
703
2458
3225
2796
3654
2601
1015
2497
2978
1145
3043
2588
690
937
716
1145
