309
2487
2289
661
2883
1838
2487
2784
2817
617
3334
474
1882
1948
2894
1948
2707
540
2410
1750
1035
1585
34
1530
1497
859
3070
1673
551
1101
3224
859
122
639
111
1596
2476
2608
2982
419
1816
1442
892
232
3389
331
771
2630
2927
3180
2971
2564
3367
3004
628
3455
397
2289
1662
947
1981
23
397
2102
661
518
2300
1739
1717
1816
2157
67
1849
1651
2366
1772
573
3136
3004
34
1453
2509
2597
1354
2058
1816
1343
1046
2707
1596
595
1222
1618
3048
1926
881
2157
760
1211
408
1167
3367
2542
3015
144
1442
3378
2773
3169
2916
2817
1156
562
540
1101
1211
958
2443
2256
2256
2641
2850
12
2850
1035
1937
265
3191
1288
1475
144
1046
3444
1277
595
2179
1310
2575
1497
1013
617
2905
771
1178
2036
1871
2388
2993
2916
3246
1783
2091
1222
397
1475
2256
925
342
1992
815
408
727
1860
2443
2003
1057
3224
3312
166
1255
2916
782
2751
221
1970
1321
2102
2949
2916
1552
2729
3290
2234
2553
2278
243
1343
3213
2641
1926
562
1651
2652
2421
628
3246
2069
386
3092
2234
232
1145
1618
1574
1365
2179
2905
1
1662
947
144
2993
2828
2377
672
1651
1222
2014
1398
2454
2542
551
639
1728
2971
3334
1519
177
2311
3202
2410
2553
881
2619
661
2256
1332
2157
848
1596
1695
1002
3180
1068
1970
386
2718
3191
991
650
782
67
1200
1420
397
2762
1288
1915
2938
144
243
485
1288
1134
3103
540
1981
3037
2707
2828
1167
936
2421
2938
2003
2993
1915
1255
1310
2905
496
2091
1574
287
56
1970
3059
1343
2476
1123
78
2718
1607
1365
386
3312
1915
958
1475
3213
331
2641
2740
1343
705
1288
870
2619
1134
2190
650
1640
815
2223
1926
2927
2784
111
2872
1794
1244
2949
3114
1442
2916
2091
3345
3422
3059
1354
1761
1981
2586
1035
1915
3290
914
1387
1035
2058
111
1695
2289
2982
2509
2806
1046
430
1519
452
815
2762
1992
463
2795
1442
2564
1277
3455
749
2630
1750
1321
1761
2795
3235
177
243
1156
1222
892
3323
1508
3180
1442
2608
1123
2487
3037
2641
2938
397
529
1464
859
3323
1508
2014
1134
1497
1354
2366
1849
2674
2718
1178
2454
2894
12
144
2707
914
2069
2806
2685
45
1959
342
2531
1530
2982
595
1926
45
650
1387
1970
2157
1992
1695
2256
3356
595
639
2564
3312
408
144
1343
2476
2355
584
3389
958
3400
2619
1002
1893
1552
2124
2014
3136
1310
2542
3180
1959
463
276
2718
1046
1981
1508
936
2575
738
2102
1024
3202
2245
2366
2212
1134
2949
738
683
1475
1948
276
3367
34
2399
518
3169
2300
3059
1486
804
2113
1761
56
3158
276
155
639
1453
2949
2740
1068
1277
111
3433
23
1255
1508
760
1937
2993
2707
2223
1486
1343
3213
2003
1046
2058
1596
1123
1453
243
2894
100
2003
1761
254
2641
1805
1794
507
2872
3070
2674
2839
1684
463
892
1046
1002
2476
2344
1816
496
221
155
2509
3334
804
2696
991
2256
1541
2476
2355
78
782
1200
1310
2586
1585
1816
595
3246
1024
2025
1475
89
2916
1112
3147
518
3455
89
1024
2278
2300
2124
2146
3114
1354
1728
496
2894
749
1453
1563
122
2652
2872
1299
2839
3279
1893
2619
2905
463
628
2993
1970
1739
1266
2498
331
3411
2113
2608
2245
771
3345
1893
2124
199
991
155
947
2443
1717
1068
221
3191
2377
3059
3004
2861
2223
2443
3323
1442
562
430
1783
419
1519
2113
364
166
3312
2619
936
1783
3103
1651
1981
628
1805
2938
3070
2124
2597
3301
441
100
1486
3444
2971
243
2432
1420
287
1585
441
2069
2014
1959
2773
2377
716
2619
122
1651
936
3235
3312
1508
2454
243
3037
661
958
2179
2553
1398
870
573
3444
2432
2883
1002
397
3169
2586
2894
1772
1134
3455
1079
2113
705
2289
2234
2366
1816
595
804
3323
3059
3103
2905
254
606
1618
1398
595
1079
1970
573
56
1387
1574
2509
1090
705
1937
1453
430
1926
2531
2542
1233
1354
3378
133
1761
507
2993
1629
100
2630
1068
2410
1827
1277
342
2432
2355
914
1596
2410
2300
3180
45
1992
2476
1992
3444
1497
2509
1112
2641
276
1057
2553
2465
2828
3059
1992
991
1761
1167
650
2762
1585
1926
3114
551
2872
2619
2157
419
45
463
463
2036
1530
1046
617
3026
2157
320
2201
2432
3433
1288
34
2795
2949
2025
2377
1244
1783
1618
540
3378
2135
2245
2520
1552
1398
3268
1970
1453
265
1024
2080
1794
2080
1288
3422
771
1607
2157
1794
177
2047
1827
1563
1530
2454
2542
1365
771
694
496
2740
2839
1343
1805
2982
2740
199
1486
2784
474
1101
1
859
3180
1288
815
2542
1497
1574
2938
1673
2212
1299
1827
2333
287
903
232
3125
1607
2784
991
980
661
1387
496
2003
1596
573
1321
661
265
3378
1519
2047
1211
936
1123
1299
1101
595
1563
3312
496
3389
2179
2839
837
1002
1090
2443
2377
2091
2014
3048
2069
1101
177
199
265
1497
859
529
12
980
2575
1222
1915
2300
1112
3015
1486
2674
1453
1981
2597
166
3422
2025
3224
1046
1002
2135
1728
1607
309
342
1299
485
2597
1563
584
2058
2102
595
3037
3268
408
78
2102
1519
1684
133
2784
3136
705
507
1893
2718
2542
1651
2366
2135
2377
628
2344
2696
3026
177
1772
2168
1750
2355
760
2443
1541
2388
837
1948
2465
2949
2058
683
1673
3433
353
969
485
2245
232
1618
2487
2597
287
1398
1816
2630
2685
1387
1409
3059
2146
1750
540
2905
727
2091
419
1563
2630
2883
3103
3290
100
3367
3257
2509
881
2333
1288
3169
485
2366
892
2839
2355
2707
595
177
628
2003
3235
1365
287
309
2861
3070
991
3279
3235
166
2696
2872
2047
1387
2784
1838
430
2256
2773
309
1959
3257
2674
2850
1222
166
683
1827
342
1321
2421
2168
1277
1310
1068
683
2971
2069
496
2740
2234
1794
2157
815
3180
67
1244
2212
2322
551
2520
2872
2410
331
848
2223
2553
1530
2641
2894
1442
199
188
2729
1508
1255
3411
1013
3323
2498
2355
683
826
1046
89
2608
3169
3400
1354
617
2542
408
23
1486
2795
2927
2311
1882
991
1486
3367
2443
1684
89
1706
1783
1354
243
2806
3268
2740
1695
496
2168
1332
2641
1310
3092
2575
1255
243
1662
254
2322
1739
3059
1783
584
1475
1365
2080
3444
342
2355
67
639
683
12
881
2080
1882
2223
2366
2377
2982
2289
144
2883
1915
2729
672
749
925
925
1662
2663
518
2036
1849
595
3400
2520
2630
287
1409
2696
925
683
1310
408
1354
3191
1222
2311
694
738
1134
837
155
1640
2157
826
980
1673
342
2641
881
870
1211
1321
56
1156
375
2685
34
375
507
3015
3125
408
2014
1013
2190
3235
3334
2883
507
3059
2322
2718
1244
1013
2135
815
2696
2487
1
2168
1948
3268
2080
2003
3015
2454
3279
3048
1420
2377
1200
1079
2795
3213
694
1519
2993
562
3004
2091
2212
1860
1354
3455
1464
2080
815
2751
1101
2872
45
3048
1266
716
177
826
1761
2047
2465
3191
969
199
2861
2355
2014
89
408
1541
2707
2003
2223
56
2454
2168
45
2520
793
2916
1805
1893
914
452
78
2190
1167
2311
1607
2938
903
606
1255
463
2872
2707
2817
1420
2806
1816
1552
639
364
309
694
2817
1079
2806
1871
1871
848
2278
2355
364
1321
2432
1145
1079
1288
2751
2608
782
1948
397
1244
1354
3114
595
1365
1046
2410
2916
276
1365
1827
3037
727
2905
969
1189
3367
408
1
2256
771
3378
3290
1915
1002
3169
3257
144
485
1750
2608
1728
1695
2256
914
3070
1893
3323
1112
760
1233
1530
331
551
3026
3356
1739
2927
309
342
320
1079
254
2201
1596
1255
1904
3444
1
980
1728
2608
2707
2025
3455
155
1629
1882
2069
1332
1233
1893
2872
166
1035
2432
56
1376
496
364
1717
2872
45
562
1607
232
419
2102
210
419
3081
540
1618
914
2564
1607
3125
727
2080
320
650
3312
2223
56
12
1849
1090
2135
3224
177
2498
67
3048
1134
639
3246
1365
3114
474
177
2124
89
716
276
3059
3279
1882
2718
2597
2553
3037
3246
991
386
3312
1013
2245
2993
1739
2003
3169
771
2080
2751
507
1310
1123
463
958
1596
639
3081
276
1354
1948
3334
1167
2421
2586
2355
1508
749
2146
2498
1145
1992
2102
3389
111
375
1926
3279
3213
2597
1156
2311
2498
2278
2773
3455
2465
3422
1662
2740
3367
144
2608
3136
1156
320
2025
2663
1068
705
298
2212
1288
991
2135
1398
3433
2663
3268
1772
386
958
617
2894
1827
1981
1475
2883
529
3147
2157
441
1882
3356
2168
3048
210
727
837
1288
34
3191
2091
3378
2784
2828
3378
1343
617
3180
3114
1002
2740
2322
2487
3158
837
507
2586
1376
2245
3334
408
661
3235
2575
2300
3444
1893
1739
3323
1926
56
1959
441
2839
1321
353
716
1937
2124
364
1530
3455
1277
562
1750
2124
1068
870
2091
3312
2795
2498
2564
2564
1607
1409
2553
2091
1739
1002
562
1794
2960
1002
1178
2872
3411
485
1343
661
2916
1475
661
727
2036
2410
1442
1695
1871
67
1541
1200
1156
2696
2366
1354
2696
45
3455
969
1046
551
2773
2608
144
2542
2014
2146
3026
1959
2806
1068
3433
2058
1805
2003
1002
3246
2289
1464
1915
364
1266
3070
1651
166
969
892
210
958
452
1255
100
1816
397
243
892
1013
980
2520
2971
320
122
2938
2388
518
67
1981
309
2355
2047
815
1310
3312
419
2960
12
1387
2443
2278
936
2905
67
1035
1255
2531
3334
749
78
848
1860
3048
3235
1981
1112
749
1101
3235
1321
1
716
3367
815
2025
1805
1233
111
1816
1222
2564
2685
749
595
2762
1794
441
419
254
1189
496
3169
3048
2135
1530
166
1838
2278
1266
1607
133
3323
914
2102
672
2938
441
496
1640
859
309
738
78
1068
3389
1431
1453
375
1849
298
155
936
1
3213
1662
1530
1970
2091
2399
1827
2289
1134
1684
3202
3235
2355
2674
2267
1442
859
3125
1761
188
1805
1420
2179
3235
2872
2553
221
1761
2707
3213
1772
1046
1420
1893
1607
2102
2894
3433
936
562
243
672
2388
2597
1948
1189
2641
1398
2916
936
177
1255
2355
2355
3081
353
34
3301
705
1343
3059
1068
980
3070
2971
2597
1706
2399
2564
1233
1552
2817
1915
474
540
397
1662
1772
1794
1112
2707
562
958
188
2927
584
2597
1552
2476
3312
2894
2069
914
419
265
2476
3015
573
1
705
1805
1552
2113
2311
2025
1255
2707
2289
3026
3092
3400
870
2256
2960
1057
1717
78
2256
3268
2553
694
1299
3224
199
1717
2080
2685
3323
2652
1277
2619
3059
2839
1277
1904
3455
1123
3213
2278
683
2839
815
1552
221
309
1211
1937
2443
2058
342
1530
2751
232
1288
2949
1948
1970
760
397
1156
2047
3015
749
12
2883
1255
1
540
1002
881
3290
2432
287
1376
2663
595
1178
1134
3037
1827
67
3158
3169
298
3048
2663
837
1552
2014
1233
1299
2652
2850
650
2663
2267
1904
2674
2817
2905
2146
2641
1871
2432
2608
1068
1618
2388
804
3246
749
2927
2938
2520
1827
1112
1717
2663
2663
2322
2498
2564
1519
1882
3213
716
2740
1651
1981
2091
1090
661
3323
1552
1684
1068
2630
3301
2047
2025
3081
1387
78
2564
441
1904
2267
2157
1112
67
3081
2201
2630
1134
2674
2377
1849
1948
2619
2432
2641
243
1684
2498
386
3378
2157
1607
3213
738
166
2839
2135
254
529
2575
749
2795
3334
1860
2861
2949
2652
617
2674
1860
2993
1057
353
2146
2080
2993
980
309
617
3433
221
1376
1574
3433
2113
342
1398
2839
2652
1926
1959
3400
1266
419
397
2718
3367
3048
3345
2575
1453
1464
2223
397
2212
2905
1981
1783
3213
1189
1750
2025
2564
3334
584
3279
2267
1992
2652
1453
452
3202
1387
309
155
375
1629
2113
3433
1508
3279
12
2971
639
2465
309
78
980
2102
3290
760
386
441
1926
2311
1024
1739
1112
3015
2982
1156
12
2729
2553
2377
1475
2927
540
2190
1486
639
2003
89
2212
2641
2553
2520
2718
2124
1156
1134
2894
144
1574
1354
2454
2608
1684
2168
749
3257
3323
2817
2520
1002
1739
2597
2531
870
1321
551
1519
1915
2707
265
1101
1794
2784
2410
463
2542
89
1948
2685
254
1893
265
1453
111
2432
2212
1959
892
1563
1024
1893
3301
2212
958
2773
2124
111
826
573
2817
1090
1673
3202
2465
2685
2256
1541
1365
738
2817
1618
1222
3092
3081
3389
650
419
1893
1541
1981
1508
2036
419
254
1585
3191
2377
1695
551
1541
3103
232
1816
1442
2696
1035
232
2839
2399
3037
2190
551
793
1816
2223
727
2476
2641
2619
2608
3224
2718
1178
177
2971
2773
3367
474
3059
2509
606
1299
2740
2421
2740
562
3455
2971
3400
2388
1134
2135
1541
1937
2542
2355
1255
144
133
2465
2762
3356
1717
474
2124
3279
1838
617
2344
1442
3125
2949
2740
991
1915
2014
1552
1904
111
89
2894
1255
815
3026
1783
3356
507
3037
45
639
2036
1398
529
2344
1871
2652
2157
254
3268
1035
287
1519
518
3026
1101
2432
166
2663
2938
276
1343
958
1530
2157
2575
1904
639
3081
1475
2740
265
2102
672
2850
980
1145
639
3136
3455
2498
705
2333
562
3290
1893
1662
848
2058
2916
2377
925
2850
1926
1057
133
1035
2960
2839
661
980
2113
2982
3081
1387
958
606
1123
1596
2333
3169
639
1640
2036
3257
1464
2520
45
2311
1112
1563
1233
628
3004
3158
1684
3147
2795
1189
2520
2047
760
3224
1563
2432
3202
2520
1629
2916
2718
507
2619
1948
2146
3246
331
2201
2300
2432
1046
2003
529
870
2641
2135
2630
859
1816
1959
639
2927
2597
3455
1277
2751
2432
1024
1805
595
474
3114
3158
1695
1596
430
1475
1926
2630
320
2960
221
2322
2080
3147
1497
749
903
958
1156
1453
1596
617
584
1596
496
3334
2619
1519
276
3213
584
3389
1508
870
122
1937
2355
639
1112
1266
133
3389
122
2223
3070
221
2971
2575
1178
2729
562
1365
1937
1156
1552
2432
3081
705
2542
3356
2520
1728
1882
562
2597
2003
2498
1486
2641
2201
1343
1376
2124
1475
133
331
287
1695
1497
1464
958
2058
1420
2905
1805
2982
463
1431
2278
3015
1321
1332
1277
3202
485
408
331
1585
496
1574
320
1838
2949
1046
1904
1673
3433
2190
1959
1464
2245
1519
56
210
3015
1871
1783
12
3301
595
3026
3213
1937
2894
1552
1013
1904
1882
2597
2399
3455
2927
2828
1530
2564
1277
3202
2531
2058
1706
2586
848
3224
2641
1057
1365
3103
2839
1376
1530
2025
3004
3345
496
2432
1431
1519
870
1904
2707
1860
496
760
3290
2025
3323
3158
364
980
1750
661
100
2597
2476
1343
2245
375
980
210
1750
1112
837
1288
991
3389
2322
2421
1442
3191
859
2751
188
3411
45
12
1981
3378
3169
2344
2949
1453
1596
3059
2652
606
936
23
980
507
2300
2729
1618
3136
2619
2608
3059
1475
155
3103
1200
3081
2388
3444
3026
1024
3455
1541
2993
3158
2476
2487
3213
606
2080
2399
3268
1607
1013
782
2113
3312
2113
2333
1574
1266
1475
1178
2740
1640
2872
2531
1255
386
2520
815
1409
2509
958
947
804
2025
3433
551
1233
639
1541
1035
2245
2553
419
2949
1002
2531
1816
2575
331
1893
2344
1662
67
1750
727
3378
2135
1838
2784
2146
2949
2333
3092
287
2960
1651
2894
2784
2289
969
2410
3125
56
2828
2608
1057
1893
3026
2234
815
1453
1112
2476
111
1464
1805
2080
2190
2234
1398
870
1717
2333
2553
595
1827
738
23
3202
3026
3048
2146
2685
3114
111
430
2762
595
3455
122
1420
34
1244
2487
2201
1299
2883
815
23
1662
804
2960
1970
3136
2047
1167
89
2795
3246
1882
947
2839
573
177
1079
683
2663
375
1277
1244
507
1288
1277
342
2377
2069
1640
1794
2883
254
2047
221
3213
562
1959
397
1728
639
1783
100
2531
2729
2938
1695
2905
551
969
694
2993
837
1937
2091
2135
1805
2432
3103
408
2663
1431
3290
1508
23
2113
3323
2641
2663
254
2960
1893
2036
3059
3015
3356
2542
1244
1398
1684
2212
2091
1211
1651
573
3301
2377
2377
859
2014
2795
2113
3444
1211
2223
2058
1915
2080
1233
1112
925
727
3015
1552
331
2564
1442
1464
2410
2839
3147
3213
1475
903
1398
639
2795
2366
3015
2256
914
936
903
2960
2157
3125
1552
606
331
2795
320
1255
2113
1926
2806
1035
3081
793
2498
2025
2223
782
375
232
1684
364
870
3070
2740
2487
1860
188
2014
1365
3147
2762
1024
1244
3378
1365
2630
2289
1211
3334
749
2619
914
2421
2003
2003
3048
760
2784
3422
3059
3059
320
463
2674
1651
1541
1068
1849
100
2432
122
2861
2058
3422
1365
2014
1178
2245
3224
1057
1585
969
1970
551
2971
507
133
276
1893
2146
3334
1486
1057
2388
694
2718
2531
364
3158
2630
1387
3279
617
2036
1838
584
2641
3015
2828
1002
606
958
1970
1167
100
1486
276
232
1761
2168
969
1629
188
2025
2608
2949
1277
1673
1904
969
2894
1882
2850
56
463
1222
2696
3103
771
650
639
1387
199
2619
2553
298
639
1420
2586
991
122
89
1211
2377
2124
353
452
1992
2036
2355
2971
56
771
947
111
3290
2168
1398
2938
2938
2058
2168
2916
2256
3378
606
2564
551
2025
276
133
749
375
1343
3125
1090
298
111
1673
2333
2465
1178
2388
1827
716
1101
1662
2883
1090
3191
2366
3147
1893
1816
1948
1816
1013
3103
958
3048
1970
3158
331
936
1035
2047
2025
1332
2157
243
2256
3213
12
3246
1574
738
2938
1827
155
562
1552
1112
2311
2047
1530
2850
2454
2542
1079
2003
716
3048
287
1046
529
1332
3092
1145
1255
375
3444
2113
122
1
485
298
2795
2014
716
1541
1167
870
1255
12
2916
2784
1453
496
452
2531
1090
1178
2124
1387
815
1244
1310
2509
2388
1156
2883
2377
3268
1607
969
2344
496
2355
892
1211
430
2069
2080
276
2080
122
1651
78
617
2113
1200
309
1882
1915
1695
1288
3158
1596
331
2091
2751
1816
3059
1156
3422
562
34
452
1508
936
1662
1937
3004
2344
815
210
2465
2465
2344
1684
1112
89
1992
1585
2003
2278
2883
1706
408
3213
2388
1750
1563
573
2905
111
1134
2949
2619
1233
2476
2883
3169
606
1761
518
815
2817
1585
3169
1035
2696
1849
1618
826
386
430
243
683
2894
2047
1662
1189
2212
2234
2685
2322
1959
760
78
3191
3235
2960
2905
375
3312
2014
3257
2663
133
1552
243
1431
3400
1860
848
2377
892
3147
3070
320
1728
1266
100
474
45
1387
1398
2003
2146
1475
1739
518
3026
3235
2949
2872
375
2740
2069
2575
826
2311
2597
2817
2773
3444
1739
199
3125
3400
2575
3444
1200
1277
2520
3301
2663
452
441
3400
518
2179
452
78
540
2003
1541
2971
1277
144
2080
705
1057
1211
2113
364
3246
2443
2619
2905
2377
1728
1486
2179
1596
540
2014
793
991
2454
2795
100
3224
1838
2234
2355
375
309
1871
254
452
2542
3015
100
2355
1662
2520
2135
650
1673
177
1618
2003
1662
331
133
793
947
2993
1783
3400
2322
474
1761
2751
2707
2707
3136
1607
3169
1981
650
2256
1530
760
1145
1783
3279
1871
1024
1497
639
1244
2091
2300
1574
2223
1684
2520
342
1
1057
1255
2531
1409
551
364
650
2278
1970
364
793
2630
1211
914
3389
947
1288
1794
2817
914
1882
1
2157
507
