3109
1933
2787
3305
4299
3571
1527
1219
2815
1219
3109
3417
1611
4145
1947
1513
1625
197
3809
267
239
2479
799
4159
1443
2717
1303
1611
519
2633
3781
3641
155
365
2535
2661
3935
2269
3879
2339
1695
785
3963
3305
533
1499
3025
365
1709
2437
645
155
505
1443
2521
169
4159
2045
1779
281
267
3767
2129
3039
2339
2871
1289
1863
729
3375
2423
645
4173
1975
2157
295
1695
3403
659
1611
4047
3921
1765
141
967
4285
2927
715
1919
2927
3613
393
491
1331
1639
2843
4201
2927
295
3151
113
925
2003
4285
2913
4159
2787
2815
3151
1653
15
2787
1177
1779
1149
2143
4271
2283
1065
1
799
2899
3011
1303
4229
253
2353
2241
3179
855
981
1499
1793
2983
1373
2913
939
2367
1317
2311
4033
1331
3305
799
1317
2661
1149
1177
547
421
3795
3963
3319
2409
3473
1359
2661
1415
3599
4047
491
2787
1149
2283
3977
729
785
3123
3109
309
1023
939
1639
2549
4355
1163
799
3711
2339
3963
4131
4355
3529
1261
561
799
827
3221
435
15
1065
925
1009
421
3207
3193
3781
2199
1905
2479
2507
2941
1625
2353
3697
1569
3515
85
869
4061
4061
589
4005
1387
57
2773
2185
883
1583
2619
3515
869
3543
113
3907
547
3305
3277
953
3431
3963
1667
169
1177
4019
3865
2745
1331
3949
3613
3613
1807
2423
1415
1401
687
4201
3599
1583
3991
15
3305
449
1779
1639
4369
533
3151
1443
1499
2171
1009
1373
2339
393
3613
1793
3151
533
3963
561
4145
3977
1191
1163
981
1891
3571
2787
1681
3151
1009
575
3613
2787
2213
1779
1541
3585
1429
3039
1345
645
2619
3697
1051
1821
3697
2409
2367
3249
2969
309
2829
2381
4089
2017
4271
3249
393
4159
211
1401
2941
3823
2409
3375
3809
3949
2549
3445
785
3893
4103
3403
1387
743
827
687
3151
1401
2143
4327
4327
3179
2297
2227
785
365
1065
3795
113
3893
799
1275
3305
3207
239
911
953
2787
4369
1737
477
4061
729
1877
3011
4173
771
1751
1163
1121
1667
1093
4313
2185
3319
3305
2549
2591
2703
2675
2087
1709
2157
3599
3123
2395
2731
4075
3389
897
1401
3865
3165
337
3949
1765
113
2927
1723
3893
2269
1597
3193
2171
3781
2101
3683
1933
2913
1975
2815
3207
1891
561
603
603
2955
1541
267
141
2437
4285
2213
1191
2843
4383
1163
1163
1107
2885
645
3375
85
3851
1135
3865
4159
421
1387
869
603
2409
4075
2507
2969
2899
1317
4131
29
4215
4271
2479
4089
295
1877
729
267
3053
1891
1373
1527
2549
351
4229
197
4103
3697
4355
2731
3291
827
1555
1303
3109
2269
2479
4215
3585
2213
4257
3389
281
533
1289
575
617
2017
3459
3669
3921
3053
3417
267
3403
3235
463
1303
729
3025
4047
4033
2059
1191
3543
3389
3459
1611
3193
841
2031
1247
4243
2325
4397
3739
1107
617
1345
169
2493
3473
1429
1499
3739
421
2955
2409
1723
1891
3655
3977
4131
1303
3375
3263
2899
631
3095
1695
1485
715
1149
3935
1247
1149
3263
2367
1765
197
743
4257
1891
2171
3977
3837
799
729
1849
729
2619
1093
309
2353
603
1891
3823
3515
2535
2507
3417
2227
3235
2773
1751
2689
2129
603
645
3893
3417
4005
1961
897
4383
4145
337
771
463
393
4131
1289
4103
2647
3641
2913
127
3067
225
869
3781
1849
3095
813
225
435
3515
2353
3655
4159
57
2675
1975
225
1779
1947
4369
323
939
3039
715
3277
4327
407
1513
1779
1541
1639
435
1765
2521
2423
3627
3823
3249
3851
4271
2353
1
3515
309
57
4397
2283
2899
4397
2451
1065
309
1597
4103
1037
463
2241
4061
1975
4019
1191
1821
2661
1177
2549
673
393
1975
3921
2451
1835
1863
2451
3557
393
729
1765
883
3627
1751
3333
295
2059
3137
2605
1303
3599
435
3585
3781
43
2983
1205
2703
4159
3753
1597
141
3935
1107
2591
3977
1191
645
3137
4201
3991
491
673
3207
449
2227
1709
2507
953
4327
3823
155
2969
2997
2143
3025
1569
3347
3935
3949
911
1121
4089
435
449
2283
15
4257
1135
1359
4047
715
57
309
2129
505
2535
3851
1219
3501
1975
3249
1863
533
43
4005
1765
4243
1163
3921
3781
281
3249
3459
715
1905
3949
3347
1751
3291
2913
1387
2213
1177
4327
4355
4299
2451
2003
1121
4159
3977
2577
4229
2717
2633
2045
2703
2465
3207
2213
43
3487
3669
1709
2409
1177
3879
3977
2927
2759
2479
2535
575
1877
2451
3137
1765
3109
729
1093
1079
2913
3683
897
3837
1905
1149
2129
2577
4355
2549
2619
3431
1821
4327
4061
2997
3795
3627
1513
365
4313
2255
3557
1779
295
2283
3557
1625
1219
239
911
4131
2129
15
1765
4033
1177
3907
407
1121
2045
3025
2773
3865
1163
2423
659
3165
4257
393
1737
4159
2647
883
4159
1163
3165
1513
2787
4383
4369
1905
2311
2101
1919
4089
1723
3095
1793
2143
2437
2045
3375
3417
4131
2745
4047
379
4131
3893
771
1457
1849
3431
2353
1597
183
3725
3109
1177
1919
3081
1289
2437
771
3207
323
701
113
2115
1051
757
4173
29
4173
3893
981
2017
2479
701
1499
3263
2171
3347
491
2731
3165
3291
253
71
2675
2171
3151
3963
2829
2129
967
3151
1051
3697
869
2101
43
3249
337
2423
2731
1331
29
799
239
1527
2269
617
3095
2759
1555
57
1639
1821
127
2521
2199
1499
2073
617
3627
3053
3781
2885
2339
239
589
603
1695
3543
3025
15
3081
3067
3431
3333
2801
3921
3949
4103
2269
1107
4159
2129
1135
4299
239
3333
4005
533
3963
1429
1793
1541
4327
4131
4397
505
2941
1681
4047
1569
4313
2731
2843
3333
4271
1233
1051
2017
3557
3333
1331
3305
3669
2465
1401
2115
1401
995
2647
3571
645
29
3319
561
2381
3305
1065
3529
3193
3319
687
3095
4257
1737
225
2325
1191
1289
4355
337
2829
1275
1849
2087
3753
3263
2409
3361
2465
3277
729
3109
1513
2255
3669
2101
1149
2941
1233
4341
71
1919
1233
2535
1877
1457
463
3067
953
3025
3403
3781
4299
841
4075
1849
2311
2087
3417
2997
953
2353
4313
2465
197
3585
169
1345
323
1401
3893
3011
1527
715
3767
1611
393
2437
267
1345
1051
1877
3347
3557
2731
3011
1009
3249
687
2633
1835
4257
589
1751
533
785
3543
3319
351
2073
309
2451
3305
43
1387
2661
1667
1779
687
141
1331
4355
2031
267
3501
2969
3291
2717
1807
2185
953
3655
253
4159
3613
785
533
2745
4103
3501
3025
2619
1555
1919
869
2941
2787
743
2927
1681
897
4257
1625
1135
2745
3347
4103
4243
1653
1499
225
813
3361
477
561
2563
1261
3725
3515
3571
2815
2143
1779
2577
2269
869
1107
659
1611
4033
2339
715
2101
2185
1849
3053
1121
1541
2885
981
1261
3109
1807
211
3599
575
995
3067
2507
99
2241
3543
449
2227
1709
939
3095
1037
1597
2927
3277
2143
3641
967
4327
3711
4019
1037
841
701
239
2101
3823
253
533
1219
827
1527
4285
1555
4243
323
687
2913
771
603
3851
2073
1639
3655
589
519
1387
2451
4103
3935
1751
1933
3179
2591
2633
3417
2913
253
3669
3445
1471
2717
3179
3977
4271
3011
2507
3165
1513
3277
3767
3571
953
3627
2815
4159
4145
2423
2199
2045
155
3949
3977
3333
351
421
561
1471
673
2437
3123
365
743
1891
4341
3221
3109
2437
183
2843
3935
3963
2003
3095
3179
3039
2843
1121
1051
645
3165
3823
2801
953
2745
1359
1373
1513
2829
2045
3963
1541
617
2913
1639
547
1737
351
1205
1919
3193
3347
4089
3403
2031
1065
2031
463
2185
1289
3725
3571
701
2129
113
1667
3487
4103
3179
127
1737
2731
4285
575
1247
4145
1121
1191
85
533
3109
1485
3879
1009
477
1499
2073
729
1975
4271
2017
3907
1639
2731
1625
4369
4397
3333
4061
1373
1667
4005
2325
1541
169
3571
1275
1303
2969
3977
43
4285
1051
3935
883
4159
3641
2969
477
3823
1037
2493
3333
883
3431
3165
841
1625
2087
491
3011
3753
85
925
3515
267
2703
379
4187
1261
2577
4229
3753
3627
1961
239
1583
3823
1415
267
3235
659
981
365
1541
1
3543
2381
1639
3837
2871
2857
1401
1163
3781
505
1429
281
3501
1205
4159
1667
3655
3501
3515
1205
1947
687
3235
3361
967
2073
4019
1947
645
1149
155
4187
1737
1
1835
197
2857
3235
1373
435
1947
1009
715
1037
435
3081
2717
4089
2185
1821
3501
2339
715
2339
1303
4299
2619
3529
1835
3263
2899
211
1261
225
211
3095
3053
3081
127
2633
3515
2073
3641
2451
1317
4075
1121
2241
1961
1513
4061
1065
3865
2997
3403
3375
2885
4229
2493
2941
3081
981
3151
2549
3837
3361
3851
2479
239
3977
701
1975
4257
2549
15
1177
2227
3753
3417
4187
869
1289
3459
323
2493
2451
3697
967
477
4397
2115
3571
981
855
1709
407
2437
3781
1093
2675
3347
1793
2857
1415
4341
2871
2591
365
435
4215
2773
1303
3711
1821
4243
1793
2493
1737
981
2969
4341
3095
2129
911
3963
2059
3935
197
1429
3235
1079
2983
617
3949
4397
3179
617
785
1751
1051
3221
113
561
2521
1947
3011
2535
29
337
3515
2997
2899
2199
3347
3809
4369
3613
1555
155
3249
379
1247
29
3627
785
29
603
4019
3431
2353
673
2241
687
3851
2983
2633
2465
1107
869
1009
211
2073
3907
617
1009
1527
589
2829
1289
743
1667
4285
197
4327
1709
3599
4355
2311
3221
1583
2885
2101
2045
3571
1541
617
1
4005
4341
869
3235
2759
1149
2731
3375
2171
2465
3963
3207
3753
2927
3095
3641
3123
3011
939
533
1163
1471
3753
2745
4355
1443
379
1723
1191
3613
4341
799
3543
3417
2241
99
155
561
3487
533
1247
1247
3753
589
4173
2437
2437
1107
3655
3389
4257
407
3067
3599
3151
1219
3249
1751
1149
29
3571
1079
3445
925
85
1275
1023
239
57
99
785
1303
1359
2745
99
3739
771
2549
3053
15
4145
2899
3039
1009
295
4397
2227
3543
4355
3375
1793
3529
2661
827
43
2745
323
1065
1191
379
3795
183
4299
3361
2927
4397
897
1905
743
2171
127
3095
3277
3165
4103
3585
3165
1919
925
3109
3501
2717
435
1751
1765
477
85
2087
4173
3907
673
3557
4089
3179
2507
2619
3165
1611
113
2129
3781
2871
813
2661
1625
519
1835
2997
645
967
4327
4159
1905
351
1499
1877
3459
4215
3963
3221
3711
2843
575
1597
1611
3081
4215
2983
281
2549
701
2283
1009
4145
533
841
2871
575
3851
3515
1541
1975
1471
1653
2325
1191
3529
1373
995
3081
2801
2913
4131
3375
2717
1331
2045
2535
2535
547
3291
1443
2829
2507
1177
1569
3347
2255
2143
995
1373
1891
2969
2843
3557
3515
4033
2675
477
3235
3977
3291
4355
3697
2255
2675
3249
2521
3417
1373
1275
2297
2815
2311
3011
2213
3879
155
57
4229
1163
4047
1709
2339
701
855
1443
2941
3543
141
1779
3109
3431
4341
603
3893
2605
3851
211
1611
3431
1485
2115
57
2003
3333
2269
4089
3501
533
3907
2871
183
1219
799
883
2073
2255
3823
3823
2395
3809
729
4033
3753
1345
1723
155
3403
1947
1779
2437
1639
2101
2493
1863
1037
2969
1541
2745
3501
3669
1205
1891
477
2003
2773
757
2465
407
2801
3067
2423
3529
897
1765
3081
2633
1933
2087
169
1919
2731
15
2227
813
1877
1471
1989
1639
4215
1079
897
1009
2983
1373
1233
3963
337
1905
2577
3137
575
603
477
1471
575
3557
2311
715
3851
687
841
2171
715
3081
1191
799
141
1387
2437
2577
2479
3333
3585
3669
2913
3025
1429
3263
533
2227
197
1107
1037
3291
785
1611
659
3109
547
99
2003
1387
491
925
57
4299
1737
2829
1289
4173
995
1975
1317
2787
3851
4229
1415
3487
1289
1947
1303
4117
1261
2339
2997
253
3963
3655
1569
99
1975
3585
4103
673
99
2381
3179
1835
799
2675
4229
1
2857
1135
2787
2297
3571
2409
1387
463
4355
897
2787
3823
3249
1373
4089
1009
3249
1247
3725
3431
421
3417
2311
3151
1387
1079
575
393
1975
3011
393
421
2353
1401
939
1527
3809
2325
197
1975
3221
2983
1387
267
2563
1065
1275
4019
533
589
1247
953
2227
3557
4103
3613
2857
2899
2227
421
4117
2619
841
2073
2227
1779
3599
1639
2311
2003
3613
3753
575
3207
4019
1345
2493
3515
3585
3025
4103
421
2185
127
3991
99
1961
645
1205
4187
1065
911
2395
113
2983
225
113
379
71
631
2381
1891
2591
1163
3305
2213
2521
1387
1317
4313
2619
3627
323
3025
1975
2521
1331
3935
3165
743
3711
2437
4271
4313
771
2857
2745
883
1443
2815
4131
3837
295
2325
589
1821
127
1317
3207
4061
1219
4047
1485
4173
869
3459
2283
2199
2983
1051
1149
491
1695
1009
407
2465
2073
3151
3347
3529
1569
1289
2955
71
3613
1751
1891
1947
1289
3319
4215
715
2955
3907
477
2031
2969
981
4229
4159
239
3585
253
1933
183
3277
1
2269
2017
1555
1387
1793
2843
2549
1877
2045
2507
1975
2199
2003
883
2003
939
2045
1513
1415
4075
2689
603
2101
645
841
1275
897
2787
4089
2381
2787
1947
1
4341
3333
1793
995
4089
1877
3039
393
2073
841
2409
1163
1051
3347
1429
2563
2969
1093
841
3585
1415
1499
15
897
603
2801
575
1205
3795
2521
1205
3739
4061
1205
323
1947
3095
1569
2353
3375
617
2969
127
1681
1905
1555
2451
3081
869
1513
2255
491
1219
491
1387
29
1499
183
1233
897
911
2437
225
575
1863
3165
729
3165
2941
1289
2129
3571
4257
2255
3459
4369
2031
1499
3053
2899
3011
3515
3389
4229
2213
2983
2479
3725
3165
3711
211
4089
4369
3053
2871
1821
1807
3599
575
2955
3109
911
2115
2955
3165
1163
1135
785
883
4187
1891
2101
1499
869
141
3725
2073
2619
3039
827
1919
1457
3123
85
99
1583
1905
113
3403
687
3067
2101
1597
3403
3263
2983
2773
4397
1975
3655
2381
3879
3977
3893
2955
4117
1415
617
2325
2661
4075
2451
4117
2787
2549
2423
2591
2661
743
4201
3361
3809
99
3165
1009
3361
1737
3795
1569
3725
1247
3949
1401
3431
1639
4355
3137
3053
3193
3669
3921
2857
1723
1835
3851
2479
2465
239
729
3207
29
2297
827
127
1065
1835
1709
1009
3837
3277
323
3305
2815
4341
2325
2675
4299
1065
3935
3081
2941
3459
4145
253
3501
1793
939
1569
2045
4299
365
281
2185
1191
3039
1457
1247
337
687
673
1821
3627
2185
2843
3571
113
1107
3459
3795
645
337
2325
2311
2689
799
1401
71
1737
2969
323
1625
1555
617
2031
2745
3655
1695
2199
2199
2381
1093
4019
1611
3277
2451
771
1597
3571
2437
3599
4215
2773
1527
323
3669
533
1723
3739
2269
2913
2283
2115
57
2899
2353
1009
351
4047
3221
2549
2031
4313
2157
1849
1387
2815
2619
2997
1975
645
2185
4397
1625
1919
309
883
2451
2045
2829
2941
547
701
645
3221
1807
1205
4229
2157
841
3039
295
1079
1149
659
2927
2549
3487
1135
1135
3669
4397
1527
3669
1611
3459
2185
701
1499
2437
3543
29
2983
4243
3291
1
1653
85
4243
2017
3557
1079
2325
225
2241
1191
1373
379
267
2507
4131
3949
715
1247
1415
2325
2913
3599
3039
15
1639
379
2661
2829
2829
4173
2843
2689
2465
2675
309
1611
1961
841
57
4201
2031
1429
169
519
2143
2507
57
2857
1975
4089
3403
477
3277
2031
491
3123
617
1373
1555
3445
1135
4397
1737
1807
869
2045
3431
2829
1093
1695
841
3123
3123
3627
3641
855
1737
1905
1933
3711
4201
925
4187
3081
1163
2899
1793
1779
4271
1555
3431
3613
4159
757
3627
617
1009
2647
1667
2101
2549
2507
3445
1261
1723
883
337
1667
1009
2269
967
799
3193
3375
2087
4355
1863
2101
4341
4341
3655
3361
1751
3417
2339
3585
2241
3347
1835
2115
3669
2591
2829
911
3865
2773
1793
2409
29
1009
267
3627
29
1667
2591
2115
4229
2661
2423
2367
799
1681
1317
757
3305
3655
4341
3753
813
4383
1471
2689
2577
4299
1807
239
2661
1807
855
911
2829
3739
127
2857
995
925
3179
3431
1793
1205
1387
799
2885
911
4173
4397
2787
2311
3739
1807
2297
799
85
3081
3319
99
1527
4187
1905
2381
687
323
1709
813
1387
911
4355
169
4341
1737
1373
3935
743
2465
3053
505
2451
1429
2829
4397
3235
3333
3417
1527
211
2325
1625
1737
2101
3543
2325
2801
2073
4033
1821
3473
3151
4397
1849
1289
4341
3221
813
687
3893
2073
3809
1933
3515
2227
127
547
3767
3543
295
3977
1457
127
3921
1779
1877
1835
2787
3963
4075
2815
1233
2815
2801
3081
4103
953
1891
3123
1639
3991
799
3655
4131
2521
1485
4257
3067
3459
3403
1569
3039
3067
1709
2549
435
3585
2605
3221
1345
2269
4257
2577
3305
2647
1247
2997
3599
1345
4341
3445
925
3347
2703
645
1457
2395
3123
2731
1443
2115
4313
2689
771
4229
3459
3837
3403
1653
855
351
3921
701
1135
1023
1569
2395
2241
3375
1947
2171
631
1093
1107
3333
1737
771
3935
3067
3501
3585
771
1611
85
4173
1429
3543
3599
435
3403
2661
3403
1121
3375
127
2157
533
729
4397
3907
2689
2157
127
1989
1471
1667
1933
2241
3809
603
3949
1205
1373
1163
1289
3753
799
3039
1149
3851
2031
3823
2843
3151
995
1191
897
1527
127
883
3641
1023
1247
1989
3011
925
1863
547
1373
3893
1149
925
3305
729
295
2801
85
1093
1429
1233
547
1667
3263
1597
407
4257
995
3935
3991
1135
3025
1443
2157
2493
1639
771
3417
1709
3935
393
1191
673
3935
85
1401
2437
2885
4103
1737
2521
3557
2283
4187
2409
2101
2815
477
3095
2339
2675
2437
953
4117
197
1653
1345
3585
673
3067
3109
3683
2465
1989
1415
771
3389
2059
3655
3095
3795
4397
2241
4299
4173
2857
1989
2577
3333
3291
505
1611
1331
4089
3935
4145
3949
3501
3319
2829
365
225
309
2829
2213
1723
3599
3809
3781
1065
701
1387
1051
2941
1275
813
4019
3263
1611
1149
351
323
2759
1681
2619
505
1415
2171
4005
2941
589
4369
1373
911
995
3585
841
2815
1205
2843
3879
1905
4229
3137
3067
3711
2157
2675
2563
3767
3823
1121
2311
393
2815
519
897
2437
897
491
3599
1499
3067
561
617
2269
2367
4075
673
1779
715
2759
3683
3151
1485
2339
2451
1863
603
3221
1219
2647
4355
1737
3039
967
2269
3935
3403
3165
2633
799
2871
3907
3991
1695
1765
155
3991
659
1933
295
3417
1205
1667
3123
1765
4117
575
2367
2941
1
603
1093
1751
1849
2059
4019
1373
3669
981
2213
71
2073
1709
2269
1975
1695
2423
1555
2353
4355
71
3977
3767
1737
2689
1121
4061
1471
1709
799
1485
519
1891
3235
2381
3949
1051
1961
1429
239
4187
4117
519
4103
1975
2507
4005
4397
4061
155
2549
2339
4145
113
2283
2423
1247
1947
2115
1163
2745
3599
1681
2857
631
2269
603
1681
4243
2031
127
2227
1737
659
127
3711
1373
4145
1905
3641
4299
43
1583
4033
169
3865
267
4033
4019
2381
785
2367
4187
673
3431
407
1163
4033
295
995
1667
421
1429
1611
3697
1555
925
659
1289
1037
4313
3809
1093
4103
1639
3879
3557
1905
1709
1387
2493
701
1961
2269
3991
981
883
743
603
1177
4355
477
4229
1373
2101
1723
1149
1233
603
645
2269
505
43
1569
197
1695
3655
1961
1807
953
1555
2521
1653
3515
2997
1247
85
3893
197
3319
3277
155
3795
3095
4145
4103
3039
883
925
3641
1541
3207
2353
4201
2983
757
4103
2241
2717
1513
3193
2493
4033
3067
1597
2619
2521
1695
309
2717
3221
3599
1079
2605
491
827
2311
3529
1709
1443
2759
1457
2857
701
3879
1443
4075
3571
3683
2395
3291
673
3095
2913
3739
281
3753
57
183
2269
2787
3403
1457
3865
1611
1961
2899
2129
3697
211
3571
267
4285
2031
3585
3753
1681
3263
2927
953
3865
1807
1625
2549
2941
3585
2829
491
3641
3025
967
225
2017
2437
2311
1835
2605
799
2171
99
3627
1345
365
3515
1583
3963
1065
3263
1023
2199
2423
477
4019
2255
3025
757
1429
4061
3865
3291
883
421
3515
2913
1065
4033
2955
1877
435
729
1989
4061
281
561
3165
1863
2731
2451
3333
3753
239
1345
4229
2465
3599
1051
3221
631
715
883
2129
1597
3935
3851
2717
589
3487
3893
687
3921
211
2675
1779
3109
3235
3165
561
1569
1205
3893
3529
1443
3445
3361
3921
2633
2619
939
1471
1541
43
3599
1359
3977
1261
2283
2773
337
1765
3459
2465
183
1723
4243
3291
3179
2997
2059
2955
4201
4159
2073
3865
3193
3641
3375
1429
71
2521
1107
1611
2563
2927
1177
337
4187
3473
3123
2731
3445
2171
785
3641
2115
3235
729
3501
1835
2801
2045
4243
757
2325
3697
3963
4187
869
3599
4257
3403
295
4075
4173
1429
855
113
1205
4327
1443
2143
3361
1821
2927
799
2143
4383
1541
1233
1807
2549
1485
1639
3305
2031
939
1065
1807
1807
253
1653
3417
3179
1317
1401
197
379
4131
4033
295
1163
4383
1877
1191
1121
2675
3347
1093
2423
2787
2899
561
2493
2745
2087
113
3683
3151
127
3711
3417
4397
925
393
3921
2325
3207
4313
2045
1037
2815
3207
1023
281
2619
2143
1177
1555
3235
1807
2549
4341
2381
631
2675
2675
3361
1961
1415
1695
3879
3039
1681
393
1639
1205
939
449
3725
2983
1485
2129
1
715
2423
2619
2857
1807
2381
4299
3613
519
4229
4201
3781
2507
2465
939
2675
2101
2647
2143
729
2535
743
2381
1947
1681
1037
1261
2885
729
3403
2885
1457
1415
1093
4313
3221
3473
2423
631
2199
2241
435
4187
337
2899
729
3011
3207
1583
3361
3949
4117
2325
127
1667
2213
1163
2927
687
1891
1919
3571
1555
1541
2871
4089
2969
141
2101
3613
2353
4341
2255
2129
2899
3361
1065
4117
2171
2647
1289
4327
575
3613
43
449
1415
3823
3375
323
3921
3515
3893
1079
3263
2367
757
43
2507
2857
1863
3067
995
4117
3417
3893
3067
71
3613
3445
939
491
3361
1513
2311
1611
1961
1933
1023
3543
2255
547
855
4369
4243
2339
533
589
2381
1247
1653
4243
4327
2647
2157
3333
351
3431
3403
3963
2479
2549
2661
4047
4061
3179
1261
4229
701
2283
1583
1177
1037
645
1135
869
2983
1667
4075
953
2913
1317
3403
2829
3977
1149
4369
4327
2801
1583
2087
869
4131
2955
505
2003
1723
1765
1821
631
2269
1611
1807
1513
2269
1149
2395
841
2815
2059
15
1331
3389
1625
2367
1163
995
547
3697
3795
2129
3991
253
57
2535
3375
2059
2465
3361
2101
1303
1219
3711
1331
2731
4187
2479
3333
3249
897
3613
3263
435
799
477
1009
1961
4089
1555
3865
3473
3683
3445
1933
1961
1569
911
4019
2241
4271
4327
1751
3697
1849
3081
225
1625
1163
3571
463
2059
981
1933
701
1779
631
1709
3739
309
3277
3193
3795
757
2227
1317
2717
2003
435
547
2451
2913
463
4201
2199
2311
2885
645
3949
2255
2423
2619
2521
3403
155
3221
771
3403
519
99
3711
2003
1499
1303
2773
1933
2633
3697
2143
1275
4243
2801
4201
309
2591
1989
827
3683
2633
2983
1527
645
1205
4047
2255
3977
1065
3025
1177
1597
1331
477
1807
2829
1793
2787
2969
2633
2087
701
3907
127
3501
3697
3053
4313
3907
3893
1793
337
2465
3333
3613
1877
1177
1457
4061
2255
85
827
2059
4033
3935
2073
2465
1317
463
3641
2157
757
2563
4271
883
4271
3571
3949
4173
1275
1639
1569
4229
4103
3109
3431
4201
2493
3109
3851
2955
3193
2899
3221
2815
2423
897
3487
1947
1359
939
4103
323
3501
2171
1205
3361
3949
3361
1345
813
589
1121
645
2913
4229
2283
2703
519
981
351
3487
2381
3249
2297
3417
3879
1401
2493
1415
967
3431
3725
1289
729
1499
715
4103
1037
4075
1037
71
267
2157
715
3179
183
2997
4089
701
3991
29
2395
169
1499
2913
3585
967
4313
1681
603
883
3319
4327
379
4061
4033
1093
1961
673
771
2997
743
1037
3361
4075
2423
3543
869
2101
2451
3067
337
449
3249
1835
3361
2423
1023
3263
2311
1625
2353
3851
4159
2745
3501
2003
2045
3669
2675
2815
463
1625
2059
3823
1289
71
1163
365
379
3613
3445
729
4061
2283
2563
1219
295
1793
2703
2619
1625
645
267
1387
1597
3767
3389
3655
1233
4271
2059
1695
4103
2339
1107
3599
2409
2269
3963
1009
1471
2997
1737
3753
3487
2507
561
3795
4313
3263
211
4145
2129
477
3739
3725
2451
2717
1177
1891
785
1457
3585
477
3795
2899
2283
1
757
1849
1009
435
3053
953
2395
2143
3473
1177
4145
1583
29
4355
1317
365
3039
659
2311
3697
1583
3487
1177
589
533
351
3683
2535
1457
1569
2549
421
1625
1765
855
267
939
1471
2409
1
2647
2143
4201
883
295
3725
1261
1541
2591
3571
827
2395
855
2003
1191
4019
561
463
2143
2017
239
2899
2437
1863
2885
1513
2143
3823
1191
2759
2031
3837
3123
29
2927
3417
3753
2395
561
155
4173
4005
