1783
3529
1927
3511
1585
2773
1999
5383
163
3151
1369
3781
4789
1891
5239
127
649
4375
3583
361
1387
1675
5545
4105
3421
865
1261
4555
1423
3997
1603
901
5221
3547
2107
1135
4015
4105
847
1891
4951
5581
3367
4087
1819
2935
4213
163
5005
5491
3889
721
4861
3763
2539
2629
2341
1495
4879
3763
3187
4177
4663
2737
5419
1099
3889
3781
2917
2431
1
5563
2359
1063
1675
1873
3997
3583
5401
3349
3421
3619
1765
2611
1729
1999
2935
4069
3511
5509
5527
1027
4033
2215
1477
1477
3313
5365
5257
3925
2125
2953
1531
2179
4015
3205
1747
55
1135
1477
3403
2251
5113
2863
4861
4537
4879
5509
2935
415
3043
487
4807
4771
2701
613
595
3709
3673
3547
5347
3511
847
1207
19
2557
4411
5149
2611
5545
4321
3709
5491
3763
919
2395
325
3493
2233
3259
3907
2971
1441
3043
2089
4141
1369
2683
5563
5041
559
5239
2881
4771
775
613
5041
2881
91
1981
469
2107
3403
289
217
4321
2683
541
5509
2611
1513
3745
5599
649
4483
5383
4807
3547
91
4699
2935
649
1963
3511
3133
2737
4123
2503
3313
1909
2179
3781
4033
3277
4087
1945
5293
4465
181
5131
1423
5059
901
4717
55
5401
4429
2557
3277
4519
4951
3907
2863
1243
1765
3691
1675
3583
3889
4987
3205
415
3115
1567
1387
4897
1207
1027
3691
1387
487
2809
4159
1405
5221
4213
4501
3979
1099
5473
523
379
3727
1099
4987
3187
4789
991
1099
3025
307
4303
1135
1117
3565
2521
343
2467
1243
1747
3871
5113
2251
2359
847
1819
4267
3043
3493
3061
2845
1729
3439
4267
2827
2755
1783
5311
1441
595
2665
1747
2593
1495
577
3871
1729
4285
667
2971
3727
2233
2413
325
2287
955
5509
883
1693
3331
3943
4555
2755
5077
847
5581
5527
2647
5239
1297
937
5599
757
3529
4807
1333
1729
865
3313
2413
1531
1387
4645
1657
1711
1279
307
4915
5527
2017
2575
3817
4267
3043
3223
5113
2953
793
2089
217
2089
3025
3529
2845
4267
2665
1873
325
1225
5203
433
2755
919
2791
2107
325
4069
2431
5239
3925
4447
5509
5437
3043
2881
703
2485
3547
1495
2287
3763
3583
3007
1621
4141
1603
1981
3709
5311
3205
3241
73
307
1855
2863
2413
5545
4627
2539
2809
595
1315
2665
3727
2053
3241
4429
2251
1117
3619
4537
2593
4915
5239
1909
1081
1189
3907
4789
4195
1441
73
4267
5113
1927
4843
5239
5185
1495
2107
2323
5455
1135
4987
3529
3187
271
5653
5437
1387
3619
1999
3979
559
1585
3601
1639
469
1837
757
4663
3277
829
955
433
469
3493
1
5653
2701
2107
2305
2485
937
5005
3709
4141
5275
3709
1603
4357
5023
1315
2683
5581
595
613
1549
1063
145
1
3421
1117
847
2071
1549
1315
5581
1549
4663
307
1369
1297
2791
2305
3997
847
4141
3601
2251
3457
2305
4969
2467
2683
4879
3061
991
4123
1819
1135
4123
5239
5617
2665
5005
1513
1675
2611
757
667
2917
5491
5347
55
5509
3673
4267
3979
4987
4213
5131
4987
3511
1927
1999
415
2683
685
2233
4501
5185
4051
1765
5131
1063
1117
973
433
3727
5113
4483
991
4933
4159
4411
4771
5527
703
793
2539
2611
3619
1855
451
5563
1549
4231
271
5599
793
4789
5113
2539
883
4591
3601
5365
3259
1747
3439
2701
559
2125
5347
2413
4231
2143
5635
2629
2935
2521
5239
4267
2071
3385
1855
1333
1945
2125
1261
433
1243
721
2971
5509
3007
4285
2899
3961
3727
4033
4375
4285
487
4051
1027
2413
523
4357
5041
1171
4573
4609
5437
4357
2323
4987
19
1963
1441
4645
91
397
3061
775
235
397
2755
3133
2071
811
4879
775
5095
5365
4825
3817
2125
3043
199
4861
1909
4789
3817
5041
3475
3835
4357
1189
145
3511
163
235
3907
3241
4375
1837
1333
1459
2665
3403
2269
1873
4177
5059
1585
1027
901
1405
1783
4483
595
1387
3601
2107
775
4771
289
2827
289
433
667
451
4033
4573
1387
2755
4105
2737
1909
1117
469
1891
2989
4663
1279
2269
3385
5563
1369
5167
4375
5347
901
1
1783
5041
4771
2071
2197
5059
199
577
3205
1945
5149
4609
2395
1297
1675
4303
2413
5509
523
5401
2197
5185
5383
5599
5077
1081
2791
1477
757
1387
1477
2557
757
3943
2323
667
1027
2539
1243
1927
2179
4087
865
4573
5383
235
3205
2125
91
1441
5239
5653
955
4951
5581
3727
361
2719
2899
1135
4105
2071
1387
2575
343
3709
3241
1369
3943
4483
3295
3817
595
1873
2719
325
5473
3637
2449
3259
5077
5383
3259
3727
4663
865
5149
5041
3583
2377
3871
5401
4447
2953
2305
2485
4357
3241
3853
343
2053
4843
4159
2647
4411
1225
667
4231
2557
829
5185
1963
541
2773
3385
5221
3655
2863
2287
4933
5239
3853
2359
1711
4501
2359
4195
3187
5599
73
1225
5347
2611
5401
37
1369
4321
703
3295
1207
1531
2809
865
5455
3295
4249
5005
4645
4807
4987
3907
2071
865
3979
3781
5365
667
1
577
613
73
1819
3655
379
1549
3691
1747
3565
2107
2737
4771
1333
3259
3331
1117
883
1909
3817
3223
4411
3133
4825
811
3997
3133
4591
1387
3817
2287
1981
2125
2359
3799
3475
2737
3043
1513
2197
937
1315
2629
3403
2647
217
1063
3781
4465
667
1927
2017
5077
2773
1189
3583
4465
2017
2503
199
3529
4789
2179
3349
4843
3673
1171
5275
1045
379
5167
5347
1693
2143
3079
4339
55
1837
2449
4537
199
2089
4249
2971
4861
3133
883
3655
5167
1081
3853
3025
3565
3727
721
2737
5095
5257
37
469
5635
2917
3511
1657
5059
919
3691
5113
451
487
1675
649
271
271
1315
5131
1099
2197
811
595
3277
2377
1333
1171
433
5419
1603
5545
5005
5023
3709
2665
2269
1567
4321
5023
181
2341
2161
4015
523
3853
2359
793
1819
3691
3619
2917
217
4447
1225
3511
1153
2557
2377
4951
1
1693
2521
2701
1045
577
5365
1009
5509
1711
361
3385
1747
2521
1729
2287
4069
4105
775
217
2125
4411
847
2341
883
5437
3547
5401
2323
3637
4681
19
5329
1549
2719
4069
5491
109
5077
5329
1819
3133
3043
3565
5653
2485
3547
1765
919
4339
5347
3043
775
523
3079
5023
289
4339
4753
307
2305
1459
3691
5329
3007
739
3727
523
4213
829
3547
361
3961
4303
1639
3943
1117
5185
3403
5401
1549
3097
469
19
3619
3547
5041
1621
5581
1819
5293
2215
3295
3331
1873
3997
1765
3295
4537
325
4123
2413
4051
2413
1045
19
4069
5527
2917
1801
5257
4465
4897
55
4501
559
3619
1567
2179
3529
1099
5167
3457
4393
2827
3025
2719
2305
667
4951
2629
4789
1711
4375
1549
451
4411
3313
325
1657
5113
5581
3817
4357
5653
343
4915
1297
5293
4789
2521
721
4285
3673
5113
4825
1045
5527
1459
1711
4825
1783
4195
865
487
3439
4681
4897
1081
5005
4249
541
2629
109
2593
307
451
5203
1603
73
4321
1819
793
631
5509
3601
3151
883
3475
4609
289
2629
4087
2179
1189
4591
5635
199
1513
4411
2917
3475
4951
5545
3583
5239
3547
1729
4771
5149
1819
1117
4663
307
1765
4501
3925
2611
3079
1729
4933
1063
2053
3349
3259
3241
5635
919
1135
4861
5329
1747
2665
2323
4987
3943
1891
2863
1
1009
37
5185
2125
4717
5509
1585
3547
1459
4213
973
3187
1171
5401
2935
4519
2989
505
2197
3907
5005
1387
1279
1099
1747
3601
3781
3385
5491
991
3385
4195
1027
613
667
73
451
5617
1333
5275
1855
1
2791
3025
5401
55
5257
433
3925
1783
2035
955
865
3313
5419
307
1243
3547
3691
4447
2233
4771
2971
955
5383
1333
1045
3529
1297
2377
3133
3151
73
3619
3889
5473
1369
3475
235
2989
2953
2287
1657
1513
5599
1405
1819
4555
2647
5509
3331
4879
2305
3997
181
5401
5347
4591
955
4339
4663
4105
5185
4735
5419
3403
4537
4501
1207
2485
1819
1855
4771
3475
3367
2395
2593
5185
1279
5239
2719
2305
2161
2737
4015
37
2467
1387
2323
3421
55
1315
5221
5239
3745
2683
2989
307
1513
1891
2791
3331
1459
5257
4519
4825
1999
1441
2053
973
4375
2467
991
4231
5203
5005
1963
5365
721
4285
829
775
3295
3745
3709
1369
757
1027
1693
2269
631
2179
3313
2089
1783
5527
4609
1477
4663
4357
2449
1063
1171
3439
5311
4069
469
1603
1477
1189
235
1
5329
1225
3745
3385
2611
4519
2107
1999
4483
2737
1873
5491
2521
3655
5347
4843
5131
4339
3529
5293
5419
2395
3061
2755
4177
3547
4357
5653
2431
2287
5653
2107
1225
3727
5491
3835
271
5293
3529
2467
73
5401
2287
289
1099
1981
5131
3925
4015
3007
3547
1459
3097
955
4213
1603
2197
613
1585
4627
595
4933
4429
1819
703
1945
3349
4339
1585
1207
1135
5023
4321
3439
5311
5419
3115
4789
3673
4825
5491
4933
631
2917
217
2539
2233
109
847
1513
2431
1459
793
4573
973
4861
847
4339
3529
127
3241
4681
5149
1891
145
4807
5005
955
1621
721
3475
1441
5653
1801
2053
3565
2053
4285
1369
2899
145
3799
2053
4303
2701
3043
3493
1261
5077
4717
1387
343
1423
4249
5617
4933
3385
4951
217
2701
3367
1405
1837
3349
3205
3889
1243
5257
217
307
2503
3727
4123
2251
55
4519
2989
3547
3475
2395
289
4879
2755
1729
1153
2701
991
4537
5347
4591
4933
3061
325
1099
4105
1225
4987
3061
829
2899
3367
1027
4321
5185
973
4375
4051
3979
2251
1855
703
253
4429
1153
1981
5581
1549
667
2143
1243
5257
1405
1999
3277
2503
433
4519
5203
3493
3043
127
1207
1765
4465
721
2737
3169
2467
1045
3133
2035
5131
3385
4159
613
3061
4087
2179
3727
3925
1117
3331
3043
3115
4303
3241
1243
3151
2773
4753
3889
613
3655
5653
5077
2071
2737
271
2251
1477
3403
4285
937
4483
2773
1567
1873
4555
1441
5617
523
253
973
3565
3367
2971
1135
2305
469
1621
1387
2053
2233
2737
5419
5005
4825
181
5275
4771
1657
721
3385
2611
2899
3853
1873
2485
451
1009
2431
4339
1261
1099
2233
2323
4069
1063
4627
2233
379
3727
1999
307
793
1747
5311
3313
1927
2629
2413
3583
1045
3493
3889
3943
5059
3457
757
3205
4465
883
1873
55
5347
1801
73
1459
2863
4717
3691
3259
2773
19
1261
3565
5131
919
4591
1387
1243
4699
2683
2287
2539
4267
3925
1927
2071
4699
5131
865
3277
4699
4303
2971
829
2071
4429
1387
1117
145
2341
3889
3547
3619
5167
3007
4537
1783
2107
109
811
4789
91
1045
3385
4015
667
5455
739
3493
4033
4033
2521
361
4699
3349
2431
3457
2449
1261
1297
4789
2845
4843
2737
37
5563
4969
1819
1999
2773
2647
1117
2863
1387
2197
4591
2071
5365
5329
5563
1423
3691
2431
5149
2719
3475
5275
3871
253
865
5185
5059
3727
4357
2125
3763
4249
4807
3295
3943
1909
271
5059
2485
5023
4969
1405
1423
4663
1063
1333
3781
2467
3763
3259
2881
4933
2863
1099
5203
1441
613
2287
5167
2665
2107
955
4627
1243
4249
2899
3169
2215
1
5653
1585
4969
4753
3007
1657
145
4339
3133
307
127
721
3205
5077
1279
4303
2305
2719
2611
4591
2215
2971
1027
883
1927
2287
5131
2539
3151
1693
2539
829
973
5203
3277
3979
4555
3421
361
2017
3745
487
433
4645
3259
1711
3277
3259
2143
3583
2179
2053
883
919
2935
2827
901
109
3061
4051
1801
5599
2575
2773
2827
181
4447
5077
1297
4807
4789
2737
3007
2917
1711
595
4627
2683
3871
4465
595
3745
865
1495
4663
1495
2017
5563
1603
5077
1639
1099
2701
1909
3871
5527
2089
361
2629
1099
5167
1747
3835
2503
4663
3259
811
1315
271
2377
127
883
3817
4357
2377
2827
181
4393
415
1801
3799
5437
2899
4195
1675
4483
4051
1477
4843
4375
2575
2035
3817
4105
2251
2809
1693
757
1819
1981
829
5311
559
4645
1693
631
5167
1891
5023
3295
1387
847
3061
1981
2737
4735
4159
4483
541
3331
3187
811
3079
1333
4933
3025
1837
4321
3781
1351
3997
4609
1009
4555
1279
2701
5185
793
2287
2233
4087
1369
775
1477
3367
3511
3907
1855
2323
2161
2899
3205
2971
3673
4537
5599
1027
4069
4267
4807
5437
2593
1441
775
4861
2719
1171
4375
3511
3475
4321
5293
2539
2791
4465
235
649
2719
5473
667
2575
2701
3889
3241
703
451
3187
5095
4537
5149
4231
4303
5437
1
2773
4627
2719
3943
1045
3943
5113
3061
1261
1999
181
73
5599
4195
487
5401
2575
3061
127
4159
3997
4195
4609
4879
3619
1171
4357
5545
3169
4141
5545
271
793
307
1927
5203
1945
4735
2593
3205
4429
2791
973
2071
4681
1459
1801
1585
2215
5311
73
559
3835
4699
5437
5167
3565
1837
5041
1081
3673
2629
4717
4465
631
4339
4015
2575
3421
4303
3475
5545
1423
4465
1945
3817
3619
3763
5401
181
1099
5491
4105
4933
2215
1567
4429
109
1099
1513
4555
4771
4141
3619
1279
4771
5653
2989
5041
3403
1621
2845
991
757
5005
2935
4573
2971
4393
4303
847
5491
1819
4951
2467
4033
4213
4591
1855
5329
433
4105
2125
4573
5419
3403
1369
5419
721
739
847
2359
3601
1837
3115
631
4789
5383
3601
1207
4015
4447
4411
3547
1423
1207
1909
5653
127
1459
3007
577
3277
5131
2845
3025
2881
4231
469
3601
2665
1333
3655
3961
3169
4465
4609
5653
4177
2539
4573
235
4699
3313
3781
451
4519
3385
3799
2341
2557
1135
613
163
613
3475
3187
1189
5401
1369
2485
91
2701
3853
4069
3565
2647
703
1261
4537
3241
163
2467
2269
1171
577
433
3385
1657
4231
55
4213
5383
685
4375
3691
1855
5275
2575
4951
973
5059
2737
1369
3241
1135
4933
3601
1837
3889
163
2791
1747
2629
2755
2917
901
3187
3997
2557
5131
4069
1117
2539
2449
3187
559
1999
487
829
4645
1459
217
1711
523
1171
559
3169
2467
2395
1387
2629
2881
847
5257
5653
1459
487
865
5473
3043
325
3871
1855
2863
4015
5059
3421
3709
5545
1945
2683
4717
2179
4393
2935
1045
4951
433
3511
5059
5203
3835
2269
379
3421
5617
1837
1603
829
1639
2341
1153
3205
4213
4033
4915
1297
5149
2953
4537
1441
5635
1279
1315
2071
1927
55
4717
2359
3565
4105
5257
5095
4087
3331
2845
4033
2881
2143
2557
4519
4483
3727
5437
721
5455
4681
5383
2629
1981
1963
1765
5311
3241
3079
1711
5167
3133
775
5239
4393
2575
4825
3817
991
199
4357
2737
3079
4195
2989
5293
3025
1045
5059
1441
4195
1783
1171
4537
1459
3133
631
1099
4069
1423
523
1279
4555
1297
847
991
1567
3367
2503
2575
3565
4573
3007
973
3097
325
3979
3817
4753
3367
5275
973
5149
4141
5509
4303
4969
487
5419
1063
1909
271
2341
4159
4933
883
2845
829
1963
5365
1099
3223
1963
4105
1909
5059
2143
217
919
1225
3583
3889
2197
775
2359
5419
5077
5023
235
2521
415
2143
487
469
3997
5419
1351
1189
3961
3313
883
5059
4249
541
1207
487
5599
3349
703
4213
2269
4285
2431
2161
2755
2485
1909
5545
1837
5509
91
5635
5347
595
433
3691
3709
5149
4879
1999
505
3457
4771
4753
3997
3673
5239
1621
4717
271
181
4681
2251
2611
4537
2719
2809
793
289
4645
3997
379
2305
3691
973
433
1711
2395
5599
919
2089
3799
2071
4555
2881
397
2557
145
5383
1603
3781
5563
3979
361
217
2863
775
3025
1351
1063
5365
5347
1459
2017
3367
127
2449
2773
2521
73
1387
4627
3871
3457
3511
4447
3853
3781
4591
1279
3079
2701
1171
1405
775
4753
4267
1549
5473
5617
325
5185
2989
1783
4897
703
1909
5041
3475
2143
5131
4879
4465
1027
361
2305
5491
1927
3781
4411
3205
1207
4825
2071
2611
5599
1171
4573
4843
4339
4519
5167
1549
1837
1279
775
235
901
3529
1423
3043
685
3997
5203
1711
4357
5203
4897
613
3331
3655
3817
4537
505
235
4843
433
4771
3745
5275
3439
289
4789
2701
5491
3763
1171
73
4663
4699
4861
5401
5383
3187
4933
4807
1873
2179
4033
199
5509
5383
1711
4375
217
1945
1243
4015
4411
4987
3637
5563
5275
451
2593
5095
4213
3763
2863
919
2809
2053
4015
217
2935
991
2719
2521
3169
4465
2719
3007
1873
4429
5077
2107
4087
649
3817
523
3331
1783
415
2935
5599
3007
55
1855
4483
631
2773
4987
379
4483
2899
3331
5473
5635
181
2971
4429
595
3673
631
5023
775
433
1135
1423
1963
1675
4753
1441
2089
5383
1387
2809
3151
3241
1621
1477
3709
4303
1855
2521
1531
2881
2341
1495
3061
3007
3619
1351
4393
1963
721
5167
91
5221
4303
2053
1225
1081
3511
3331
811
4897
3835
1657
163
3151
829
3871
1783
2683
721
3313
3277
757
2521
4033
1477
3835
5401
199
127
3817
3061
3601
3367
1693
5653
4609
2791
1189
5635
1297
415
1495
649
3943
4645
1477
2143
757
1855
577
1765
5131
4699
1981
3511
3871
163
3241
1765
3655
4753
4843
1585
2449
865
1585
1387
1351
2773
4717
2647
901
541
991
2539
2881
2467
2395
1333
2035
667
3115
1495
5365
2791
2701
3583
2953
3637
3043
955
2719
2215
2539
5185
793
1819
4267
2143
2305
1027
2503
901
1567
3493
3439
4465
3673
3529
127
37
4195
937
4897
1603
3745
1945
2881
4393
5581
253
5347
343
2485
5599
5527
3277
5113
1819
3115
5113
2845
3313
343
4429
4519
1495
919
2521
5023
4411
253
3565
5365
2845
5167
1135
4789
2377
5527
2413
2629
2917
2755
2809
541
307
3781
5653
2125
1243
5113
4987
4555
3151
1441
3403
4645
55
3619
1711
4465
1567
2971
1855
4429
163
685
1243
235
559
3655
559
1171
4105
3385
1711
4411
1495
5059
883
433
4501
3565
2701
1999
2701
433
4339
2755
1765
3745
4915
3331
1045
1117
5455
1207
5167
1045
4807
3421
4699
5383
4591
847
793
3997
5257
2287
3403
3835
433
2233
1729
3133
1927
2125
1261
3979
4879
3025
2053
1837
4069
811
2953
1549
2017
145
2593
4537
3583
5005
4249
2503
181
5041
847
3133
5023
1945
1315
5455
4177
739
613
3817
2881
1891
2125
5455
2611
1873
1621
4375
2683
2269
271
2413
2431
559
1279
343
5563
5527
541
3439
2593
4753
919
1945
1027
2233
5113
2917
667
3421
4429
1243
5311
883
1045
5635
2755
361
4339
5455
343
4609
5563
2773
5185
1171
811
2773
1027
4717
559
1315
1513
4843
955
2539
4771
397
3151
5437
3835
1909
4393
1171
487
5437
1135
955
3493
3187
4105
3835
5491
3997
4303
2701
5167
5113
5491
3889
1873
3745
5203
3385
2917
487
3619
5383
4267
4483
5149
127
721
3871
1297
1225
1333
145
5545
2539
1027
3979
703
847
2305
5023
3565
1801
2161
1081
3385
1729
4825
2917
5113
5437
3403
775
2845
5365
5257
19
5491
3673
1603
4501
2593
2935
2341
2467
5473
3367
775
3889
4213
775
937
5473
2575
793
883
289
2539
3403
901
1981
865
2017
451
3709
1711
37
3745
4915
1423
5347
3745
4015
307
3781
829
3493
1477
4969
1711
19
91
343
5509
361
1135
4087
4033
3673
1837
4933
3367
2701
1279
3817
4123
703
1567
2197
5617
2989
5239
1387
4699
5545
5167
3223
1063
973
2539
469
4357
2629
811
1891
685
1963
325
4717
3331
5527
3997
1027
253
2971
2557
4375
1369
1819
4267
4681
2503
3835
397
1531
1423
3259
4771
181
1927
5005
667
3997
1963
1477
217
343
1135
3907
5077
4483
1459
1099
3205
1729
4069
91
3799
3151
1909
2413
2161
2107
3943
271
3655
3061
3529
451
3259
3169
5455
3925
1495
5113
3097
5077
5455
1945
3331
4861
757
4789
289
1657
4213
2071
1765
2359
5221
1369
2467
5077
1189
739
5347
4843
1513
919
5293
4771
4087
5077
721
5581
4519
3817
4987
1999
91
343
1207
4213
2845
1495
217
4753
1261
5347
1441
4177
4411
3907
3601
5599
2359
973
2467
3871
1891
5455
667
3673
2557
1387
1279
4771
2899
3979
1117
703
4321
2323
4915
4861
1513
2827
3961
487
199
3097
4663
2323
4717
289
2251
1405
1279
2431
2971
865
2215
1333
2251
4789
2719
3529
3889
3313
1837
5005
4015
3871
5023
973
757
883
1495
2413
1369
1711
5527
3727
4033
4573
4033
3979
3673
3007
739
4339
1567
667
1
1513
5455
415
5059
1369
3727
4591
4087
5455
487
3439
757
1261
2017
2251
3673
1081
1657
1225
4825
3385
127
883
1711
1495
1585
145
163
847
811
3529
2377
595
3943
5131
1981
2017
4051
3763
5167
2251
1531
253
3511
3565
199
4879
4645
5239
451
1495
2953
3943
73
4663
5455
1657
2521
3313
217
3331
1189
2593
3943
5131
2053
3619
4843
3799
5077
4339
379
937
2287
1585
2197
199
4177
1189
5437
4627
379
415
595
469
2791
379
5491
5311
1405
37
2971
2593
325
4609
2053
73
253
4609
1585
5329
973
5329
613
3277
1261
505
1171
3133
5059
4303
2089
5455
4717
379
3619
1837
4141
3439
4843
5545
1189
2161
2467
1513
4465
2215
1603
4735
4519
3187
2089
5509
2845
397
3115
1801
919
1981
4933
307
613
4717
3457
5329
5113
1405
4879
3583
4861
4051
1153
379
3907
1315
5257
2719
3529
1189
5149
2395
2071
4933
5599
4933
5347
739
4429
3961
2719
3709
1963
3331
451
5437
685
3259
1171
5563
4537
3727
1657
19
1801
3259
1333
1405
3673
2575
2593
3151
2665
4681
127
2593
1639
3169
3331
3763
1459
379
1801
3421
1405
5635
3187
2089
3223
2071
5365
2107
127
1351
2125
1945
4609
1171
3349
325
3745
3637
1171
4105
343
1297
1027
1981
4465
4357
91
3619
2431
5257
1387
3835
5221
2269
3619
487
4339
3313
2593
2179
2359
2413
4123
4681
3583
5167
5005
5023
3133
505
3457
3493
1819
2179
3169
3979
4231
955
1945
991
3925
1027
2521
1171
991
487
1657
5347
1495
1945
5221
3871
4375
3673
2881
5653
3169
2215
2719
3997
415
3871
1819
5599
397
2701
3925
2323
1351
3565
1027
5275
4591
3547
4159
5581
1729
3511
2953
3241
5473
2503
4807
1873
3871
5383
5221
4735
5293
2269
3079
37
3853
2593
5653
4249
5293
1603
4267
4357
5167
5293
1657
4087
3187
145
1693
2611
3673
2359
3547
3475
2557
2683
3043
775
2395
2593
5509
2017
2575
613
5437
757
3223
5419
2701
541
1351
1297
4897
4213
937
901
325
1819
1045
2017
4429
2413
2071
19
3583
4645
397
955
3115
505
3565
2953
217
469
1279
5653
1225
4501
3097
1621
5041
2143
2917
1981
685
3853
577
1009
3367
4987
3043
5509
1747
2809
5527
5329
1783
253
631
2593
757
4195
5563
4357
2359
1171
4339
1279
3367
1783
2899
433
3925
145
2413
2323
1711
2989
3331
5077
2323
4069
2611
4069
1225
2467
1423
703
433
2053
3313
4555
3943
901
3241
631
5437
5293
1909
3133
4771
2503
3565
721
2665
3691
3043
2071
4375
721
4843
1027
4789
1801
2791
343
1963
1927
4429
2395
3979
2071
1297
5635
2971
2233
3961
433
1855
3583
3565
955
415
4825
5059
775
2845
2431
2845
4933
3151
2035
289
2287
1531
793
325
3493
2719
2449
235
4393
4519
4897
4357
5185
4825
2665
5617
1027
577
1207
5347
4357
379
4735
5149
919
1513
2323
181
2359
2053
3853
2341
1279
2341
379
4789
5059
2827
2719
1477
5059
5311
3547
2269
4465
541
2233
3187
4483
1135
577
865
4879
3007
343
3511
4519
379
3691
4591
127
5239
1261
1423
1909
5005
3907
4663
2179
4321
3853
4933
3961
1729
1531
451
5635
1459
3655
2143
2611
4231
3007
1819
1567
1063
5329
3799
1441
1063
415
4933
3997
5041
4051
3619
4393
2287
307
4267
937
4159
3529
2593
217
5059
3061
3547
4231
4411
19
1171
2971
3043
685
2233
4105
361
3727
3241
4789
1837
2503
3115
1225
901
1063
5617
883
1387
1909
5203
5545
5437
2125
3475
2521
5185
1351
1081
3925
1387
5617
4591
2125
649
4537
3925
4375
289
1495
3493
2143
1693
937
1063
2593
5383
1009
1189
1099
613
721
4339
379
2845
5509
595
73
1207
5059
1693
289
2701
631
109
3349
2863
4033
2053
847
3223
3241
2989
4915
4195
4051
5221
3907
2755
739
2701
1063
1459
1369
4807
4303
1225
5419
2071
127
2503
3781
3781
5203
2107
3889
595
4969
2251
343
145
5473
3601
847
2413
2125
2593
1963
3727
3061
2701
4123
4123
1855
5491
3277
3871
4411
721
271
2233
919
4051
343
451
487
1927
4411
3151
1873
4771
3313
5041
2701
1855
1801
2521
2143
1459
3943
2899
4177
2395
4735
361
5581
37
4231
2035
757
2215
4267
5041
595
2323
3187
1099
1945
1945
4249
3835
1045
5257
3205
1441
4807
2701
1657
4663
4177
5599
1891
379
19
4321
4105
5599
4357
379
5329
2809
2593
1639
2179
3187
3961
5383
1981
3601
1657
577
1765
397
3529
2683
1837
2683
3079
3493
1675
1585
1117
1261
5329
1135
5599
3781
4429
4285
4159
4105
1441
1081
73
1315
1963
1729
1027
3961
5329
2683
4537
4807
775
91
1819
2611
2773
2593
3799
2143
1891
2611
1117
1549
3745
4411
3025
2521
721
1513
955
2161
289
4393
1189
2269
451
2215
3925
109
2611
487
4915
3385
577
4429
3709
1063
1369
5203
901
3259
2161
2017
2503
235
757
5545
451
1495
4753
4771
1351
2755
3493
2539
2719
1639
2467
973
1765
5077
1459
4375
2791
5401
3151
4195
793
2215
3745
1711
3169
235
1423
1
3835
5563
3241
4303
4753
2341
1099
3799
5095
2305
4051
5509
3943
847
811
3403
3619
5635
2125
739
5365
5275
4951
505
1819
721
5581
4987
955
4699
2683
4789
4591
271
1117
3673
307
5599
5185
3097
2233
3565
2935
3871
4411
1441
1621
2359
1405
3745
793
1099
1045
3439
4969
559
4159
4879
3241
2809
3925
253
1945
541
3889
757
1927
1891
685
1441
2683
613
5005
3313
4501
1441
4753
3817
1495
487
1891
5653
4969
631
1135
4267
1189
2989
3493
4429
145
5113
4681
5455
5653
613
3907
1909
199
4609
1045
2899
2917
379
541
5113
5185
5311
3259
4375
3493
2845
4375
2791
3475
5509
1405
4663
523
2593
3421
667
2035
145
3817
5383
4123
2071
1639
4321
4375
2683
1549
1621
775
2107
1081
3655
5113
4339
2377
2935
4897
1081
3439
2701
4285
4843
5077
4807
1765
2827
3187
1495
667
1333
1207
4789
3403
541
3457
2107
937
2701
1441
5077
4807
2521
3061
1945
4555
5437
2593
1477
4213
361
4195
523
5203
3601
3043
4663
4123
559
487
4807
5257
5059
1621
703
3313
5077
505
1945
5491
1945
1351
4627
2161
4411
4285
4429
1891
1207
235
3799
1567
2125
4339
1099
3421
1711
3457
1891
5635
1639
4393
5221
4393
343
3619
2035
3133
4141
3979
2953
3781
5329
5275
289
1783
3889
2413
1369
2791
343
5167
4357
2485
1531
3151
3601
937
937
5491
901
2575
1909
3835
1315
2269
1783
1045
3097
3619
5041
3745
1747
2395
3349
5401
1873
4951
2143
3241
2071
181
451
4141
361
1981
1621
3979
2935
271
1495
1531
541
3421
5365
5221
3385
4861
613
811
2809
3349
2251
4555
3439
3295
1981
3025
2575
4123
595
2359
2017
4411
4195
2377
4105
145
685
1369
3781
2197
595
4339
5617
307
3889
1027
2863
2197
5203
1
3241
1783
2269
1027
5077
4249
4051
5365
415
2341
5419
2431
4465
3943
2503
2899
4087
3205
1963
5581
5401
2557
4249
3043
559
163
4069
3421
73
3601
1135
3313
3079
3403
2035
2485
5347
3781
5545
3457
469
5293
3583
2629
3565
433
5527
5365
1333
1819
5275
1063
4375
1549
1801
4951
1711
3565
397
1783
4861
1531
2809
2269
2629
4843
2449
19
2971
2341
3475
1135
5329
4771
3763
3241
2899
1315
2935
4231
829
235
2989
5203
1783
4789
2179
3493
379
289
2989
5239
1819
127
5203
4465
4969
5347
4483
5635
2017
5653
4465
5059
4753
253
2629
1981
1567
3259
541
2395
3493
1225
5311
5275
343
5185
3097
4087
5473
3781
3655
5005
3907
883
3799
919
577
307
4249
289
289
3061
5347
2755
3313
2305
2431
2593
5563
685
2683
3385
1909
2323
685
5635
5221
1495
4051
5023
5275
2053
4357
1225
2935
181
2143
1207
487
4087
1513
4159
1477
1189
4609
2503
1207
1369
2791
4465
2053
5473
5563
3979
5509
577
3943
5059
2071
2323
2107
1693
2071
4177
613
2719
4357
451
3925
2557
4537
3133
4411
3727
4339
3349
3925
5545
4717
1045
4339
4483
847
1927
2791
685
2521
4429
3439
4591
4447
5563
3979
4231
4069
2287
4645
451
2737
2899
3007
1621
3745
1747
3043
2413
2791
1297
5653
1855
2341
2017
4033
883
3961
4519
4951
4177
3277
2719
793
5419
2611
4789
3979
4375
1405
2953
4843
1855
3565
2179
3475
5005
1639
847
5113
4429
5509
5095
3979
2179
4807
2341
757
793
1189
37
2665
2161
469
3475
5293
775
2593
3601
5167
1693
4267
4339
1243
5527
4213
4717
4861
3547
3259
1999
19
3097
1423
3997
2971
3925
4051
1441
2431
2935
4843
5095
2809
5311
2899
2431
433
3187
3727
3295
2593
19
1963
3835
3241
3871
595
127
1765
1549
2125
1783
2359
1243
3475
3025
2881
1855
4465
5311
2503
3655
2431
5311
991
3043
2071
4789
3925
3493
2413
847
3529
2071
2395
1099
289
685
1243
2053
2233
3367
1531
4591
2323
5005
1963
5203
4573
757
4843
4771
2107
4969
4411
3115
2341
4177
2233
613
1999
2359
4825
3223
4429
4915
2035
4717
5599
3277
4465
2179
4339
3691
4465
991
3043
757
3889
5311
4897
3061
4411
1333
73
847
2143
109
5023
2089
4087
4717
4447
3259
5653
901
199
2017
3331
145
5293
2125
19
1657
163
4483
361
901
5257
4249
541
2179
5023
2647
1207
5095
3493
3367
5203
541
3151
3637
5257
5293
4591
2935
523
2485
4951
3853
2629
4573
3691
343
3943
1549
4843
4303
2449
2125
577
685
4303
5599
1027
5509
2719
4519
901
5635
2755
4051
1297
37
3673
3583
2989
1909
397
2269
3457
739
4555
1477
1081
2827
3025
3619
4825
3169
73
3097
1549
2071
739
2575
5293
3457
4789
523
1117
1873
2287
2413
5293
3655
3691
2611
3259
4105
4879
1063
4843
3763
2539
3619
4285
3277
1585
1135
775
5023
4249
37
1441
4987
307
4429
469
5113
2647
1603
4681
4933
1711
4303
631
5419
4609
3889
1549
3835
2647
721
5293
5203
2035
1621
505
3619
2755
4645
2989
4699
4681
2125
1711
5005
883
2197
2143
1225
1495
4519
3871
3205
865
4501
649
5473
415
2197
1333
3079
613
4339
307
2665
289
811
3979
739
3151
1297
3151
2179
1117
4861
4879
5365
4753
4717
937
3943
1261
4807
4861
5491
1333
5509
5311
5113
5419
4339
217
361
703
523
3025
991
4699
4717
5113
2197
3709
289
2071
4843
2845
4645
2233
5311
1387
3169
3583
2647
1
2773
2485
4699
325
5491
4159
73
1855
4375
3799
2575
2611
4537
1261
5005
3583
4069
4897
1621
4357
4663
793
1549
3637
3043
1189
2719
3907
2467
3079
1621
2953
3259
649
3277
775
2503
1045
2629
4591
4843
2899
1531
3709
1873
4231
1621
271
3475
3259
2341
163
1747
3889
3817
2485
2773
4231
4105
2935
1639
3421
217
4897
4069
1189
1
4285
2233
343
3205
4789
3241
2431
523
5113
991
2161
5401
2161
3115
5437
2341
2557
3655
3853
2755
4123
2413
1189
1387
4069
4609
1621
991
703
2809
1009
4987
2755
1351
217
1873
2287
2647
2395
1747
1351
2251
4843
3511
3061
4609
181
5635
289
1729
2719
2107
4159
1603
1189
253
3907
2809
1243
4609
3331
5617
1639
3781
4663
1855
3349
1297
2215
73
739
3565
37
5581
4771
3097
2215
2665
757
199
4393
1171
2305
2881
2773
3493
3133
1009
4015
2089
3331
5041
2035
4969
3151
1045
4519
829
37
4429
4267
775
19
1999
4051
4807
5113
595
1801
3565
793
523
4753
793
3421
5221
4285
4249
577
325
4033
3907
5365
3781
901
541
2521
3115
4735
2557
1891
1045
3331
5275
3043
5077
4411
181
1
541
3763
4159
4447
541
4951
5563
91
1261
4141
667
1603
217
2269
4663
3997
865
2917
847
1693
1981
1099
3583
3025
2125
3187
3781
1531
5311
3961
1531
3547
2053
3385
2323
2593
361
2215
397
1621
4069
1063
919
4285
1045
5599
307
5275
2845
1153
1297
2521
2251
2575
3259
4375
3475
1369
235
3115
5329
5131
991
5095
541
1027
5383
901
3241
109
2521
5005
4555
1153
3619
3295
1081
3925
2899
1621
2773
1909
4141
2719
4483
5095
4789
2287
793
2719
3097
3835
2179
1801
3259
415
2827
667
1315
3763
4159
1549
3115
739
2701
