3945
1514
3775
2398
3129
4149
35
4523
4013
4931
5186
4030
2925
4676
3231
3673
987
3180
3639
205
2500
3537
4812
1888
2364
52
749
2738
3945
579
1429
358
5271
5203
2772
3044
1820
630
35
494
222
5237
2347
3146
2381
3401
4642
3367
1225
2942
1395
1548
1123
851
3435
1310
4098
2024
4047
2687
426
3316
885
3520
987
3656
1225
2823
4285
4438
1140
2330
4319
3486
3299
1361
4710
2602
4727
579
3367
3962
5305
4489
4812
1208
3622
1378
3231
154
4081
3656
3469
4965
1837
4455
1089
885
5101
3197
5322
4064
3367
4302
2194
4489
3486
1548
1735
681
5305
2925
4642
3078
5237
1939
4302
3520
3316
2177
3673
5220
3673
1786
2653
3333
4064
1565
4217
3826
2602
2007
2534
613
4132
2568
5101
2262
1939
4676
2959
5084
2245
69
2806
5322
5186
1752
3486
987
1769
1803
4030
3265
1412
1344
1242
120
732
3282
1769
3333
5288
2143
1769
4081
4710
4710
987
4472
4030
1769
4200
4098
5033
4846
4064
4863
1242
18
3673
834
1820
2364
1922
1055
1531
3163
4370
2262
1089
783
3435
1038
749
3027
2942
103
2381
1752
2415
4234
3537
1259
2993
1038
749
4880
3724
5186
4914
2058
3843
4557
4421
426
273
596
1412
2466
681
341
3248
1939
1378
1837
4982
2143
1939
2007
3894
2177
4081
5254
3452
1718
936
2024
1242
4676
5033
3979
4557
1361
3197
3622
4965
1293
2041
1021
3758
545
1361
4829
324
562
1310
5305
2704
1089
5135
1259
3265
3860
4336
4540
3401
5288
1225
2483
2432
4081
1106
1633
86
2126
3078
5050
3418
2942
3911
1820
1310
5271
1310
1633
3673
2619
4761
4200
3707
4557
3282
1633
885
2279
817
4302
2211
5220
4608
4642
1786
3537
4098
1871
324
1820
4761
3741
2585
3316
222
3894
1055
4710
188
2551
1973
4948
1412
3520
1973
4693
2976
2874
1616
3792
4999
3826
1497
2075
936
1106
256
5033
2976
579
4676
205
4336
1905
1344
2381
3639
239
1735
3826
2789
3707
1242
4200
5050
3231
3554
2670
3928
5169
4302
1395
1480
443
3469
239
1548
1548
5288
2347
2143
2432
392
1123
2177
1735
1327
460
1973
3061
2109
2602
4591
1174
1446
4302
2228
4999
1616
800
2653
3741
18
4132
2007
1310
4370
3554
2874
2126
3741
5016
2398
1956
3962
4574
1514
3112
2857
1327
817
2789
3928
3231
3962
18
2177
851
2857
1633
4829
154
3197
2687
2109
5220
3996
4302
1242
4693
1089
4982
2177
3486
4761
783
528
936
3894
1208
2262
2534
3996
834
426
426
4030
426
1276
1531
5237
3945
4863
3095
1276
1616
2959
3095
579
4200
2449
4846
1667
4625
800
1072
3248
4506
5186
4965
358
2092
2160
2177
749
409
2602
2619
4013
1718
1973
1735
307
1497
2653
4761
936
3435
2500
4693
103
2772
2007
1769
2058
2806
681
5305
5135
3690
2738
3316
3622
2721
137
4370
953
579
4812
4982
120
1446
4540
3605
766
1837
3010
4880
5271
154
4234
18
2942
885
4982
2823
1531
307
596
4489
3996
3333
2466
2262
715
426
4472
1667
1004
1752
4472
1123
3197
3656
2551
1786
3316
205
1327
3231
3554
3384
3265
4319
2092
715
1786
3622
4200
205
2772
664
3537
3061
766
2075
3486
3061
1582
2330
4812
3877
1276
494
18
3843
2279
3333
4047
1429
1225
2245
4812
2313
4387
1565
3027
817
3010
5050
4200
3605
358
222
1310
1123
2296
4812
4183
1701
4965
3656
3418
885
1973
3435
4727
4251
1412
1259
341
460
1327
2976
2772
375
4540
3622
4370
2211
3316
3231
3639
1514
3452
4965
2636
3571
2245
4659
3112
1854
2959
1174
562
2755
4608
5305
1650
3843
1208
5169
4319
2534
2806
4914
732
5169
1021
5118
5203
2160
2993
3503
3673
4268
936
4149
2483
3180
3452
239
2857
4234
4591
3418
1633
1667
3367
1106
171
2398
4115
2313
2772
4744
1871
3503
4557
715
1089
2245
715
4081
392
4387
817
1327
1004
3316
2330
2279
1378
5186
1157
630
3248
613
2296
4455
4914
290
1497
3673
2602
2092
3061
2313
3435
86
3027
4523
2330
1565
1089
545
613
1905
5050
4795
3044
2024
1735
4438
1854
715
2891
2942
1344
3010
2041
902
3316
1361
2398
562
3469
103
698
1548
3367
1565
715
358
3129
4982
902
1565
1548
613
1021
2415
460
2755
1497
2330
1293
2211
3095
2636
5237
5135
1361
3197
1140
3758
1582
4608
1684
2296
3979
5067
3860
2534
69
1633
2160
4149
3214
1531
2585
2058
3962
885
2636
3282
1038
3928
154
4132
4404
35
3911
409
1055
5050
2007
2636
2143
3690
2755
766
3401
1259
3299
1293
732
120
3282
1769
4829
3690
3826
1259
4574
4285
4557
256
2857
2534
4387
1905
2568
766
154
1446
477
2160
4081
2619
494
1497
1208
1735
579
4523
3027
1310
2466
4132
902
5118
2483
2551
1038
4880
1480
239
5152
2177
2772
2007
4081
3163
2789
2058
4608
1089
4217
1157
3707
4727
477
2738
4285
1072
1905
5135
205
2194
3928
4302
1973
4234
1497
3010
3758
817
1072
1378
2993
1667
3401
4897
2653
834
1616
1905
1922
477
885
3452
3027
1378
834
5135
273
579
4931
3656
596
3503
2602
2568
205
4115
3401
3962
2755
2296
1
392
3962
1225
5288
1259
5237
4727
987
4982
3044
1888
3078
715
1089
1735
511
4540
137
3265
2840
749
1412
103
1140
4795
2041
2381
3401
4795
4676
1225
3010
3299
2449
766
2381
2330
154
3384
1956
3197
3095
2857
1735
2007
2432
69
1191
392
3333
1854
1140
2568
1956
120
2007
1820
2500
3248
1259
4999
4472
2092
766
1582
2874
3163
1735
3027
4370
1531
4047
5288
4387
3605
5118
4642
3690
4132
5050
4846
630
4013
5254
426
4132
5084
2245
4455
2976
1344
4115
2109
3435
4880
1514
953
511
1072
1803
2704
2602
3673
2636
4829
1939
2398
4115
3452
1174
3809
766
4999
2483
664
69
4438
409
2313
3554
1208
3656
137
1140
4931
2840
2653
528
3367
1565
171
715
4166
3843
1191
3639
3605
1412
2415
1701
426
4047
2483
69
4353
970
137
3452
1378
273
4829
426
3945
4965
1565
1344
2449
4234
1871
3639
443
5220
2194
2432
3724
1208
732
1973
2619
970
1514
868
5016
1820
936
4030
2789
4251
5305
2007
4540
4778
2432
953
4387
3996
2296
4659
698
1990
2959
4319
5050
2976
1412
3418
4183
5322
3214
4625
936
2551
154
3775
4370
4268
273
4999
3180
222
1650
188
2823
4081
4319
5033
545
4438
4353
4438
4251
5135
3401
3945
579
2636
5186
4761
2602
885
4030
1361
3435
2007
2976
290
936
1072
5288
1939
1310
1582
5305
1956
3486
4268
1650
1854
1174
3826
936
3248
1429
4353
1854
2007
4812
4863
4591
5254
392
1089
1259
1667
3112
2058
1956
1871
3146
1888
3809
2279
1293
1582
4234
2602
494
3707
4455
4846
1
52
2738
1429
2228
2415
1259
1684
1939
3673
1582
2330
2602
681
3996
358
2738
3775
52
3707
3486
1684
630
4778
3265
2704
5203
1582
1055
4319
1072
1072
2194
3809
324
4421
885
4778
749
647
3095
171
2976
341
851
4812
3877
1412
1055
3928
5135
4557
3435
409
1803
1344
3112
1667
2925
2007
3809
1820
902
647
3469
1225
5067
4353
3826
3639
4999
1582
3809
443
5101
2483
3078
1463
3911
4149
3214
1514
3350
1310
1922
5152
2653
2874
4642
3418
2704
3095
5237
3605
1565
3350
2653
4455
171
1140
579
2993
545
2211
1276
3469
4710
4353
4931
1089
3146
2806
2602
4319
1939
2347
1956
2415
3044
1242
477
392
2177
3554
1820
1565
1548
2313
681
4914
1276
1259
2551
4999
3469
1650
3112
647
664
528
1735
1633
3333
4336
613
3095
4523
2568
154
2211
1633
647
443
1633
4200
2262
1038
3571
4574
1718
3129
494
800
3520
137
4268
5169
1089
2755
3656
1616
4489
5305
2772
1310
562
511
477
953
664
511
409
4489
953
5237
3333
1055
919
4744
273
460
341
3962
1259
1684
1922
3350
1514
834
749
5169
2449
3078
2942
5220
4387
1327
3554
2687
103
4234
1021
528
1191
1990
3588
2364
3044
4506
1752
1140
4965
2092
2925
4047
3792
2687
2041
3129
3520
630
766
630
3707
1548
3673
562
2874
5067
3248
2993
1769
2092
1344
2959
4081
4931
5322
4948
1905
1718
3928
4693
1650
4676
3384
3265
2007
3248
4217
188
3877
2806
3996
52
4353
137
613
1888
5203
1684
2704
1616
3792
4047
4591
341
3622
4557
3129
3350
936
4880
2687
409
4200
715
3673
868
1786
358
4234
324
3163
2874
375
2177
3010
4183
1888
2874
511
4591
4489
4302
3282
1548
2483
4727
766
256
2721
4880
5135
52
5288
3979
3945
1429
2670
375
1786
4727
698
4948
2245
4268
1769
3095
3095
3656
3792
1429
715
749
392
3996
2313
698
3367
3078
953
3911
2602
3911
3962
358
358
2551
1786
3044
766
1395
2415
4642
987
2500
3554
596
3418
4472
2075
1854
562
2806
426
4132
1446
2738
4829
2653
3639
3605
4387
885
2160
3010
4421
2517
3384
851
3384
4149
2245
3639
3452
1072
3962
4829
4846
2024
1786
1565
1701
171
4370
2126
4302
3656
2704
1599
4132
987
3027
3163
5067
3010
3996
4132
3350
5220
2823
1395
1837
2891
2857
5288
3962
1463
2602
3452
1310
4387
2857
834
4557
5050
2959
1327
1174
307
749
3129
4489
1599
953
4200
4608
2772
2976
2602
2636
443
1820
4489
3350
2500
2245
5135
1786
2670
1072
3095
1701
1752
1752
4081
1446
2551
3231
2636
681
3979
409
5169
222
4540
4013
2653
5152
1650
3095
256
5271
4914
2568
1089
2075
4829
4064
1684
2143
5135
2619
1684
4710
4370
409
800
1565
1480
1259
2262
103
4863
2075
3520
1871
3928
3996
1667
222
1735
1939
3316
4489
4506
4421
1208
1803
953
715
1786
3911
3333
3469
3265
2364
1701
4064
1752
3180
5339
4013
1123
2670
3928
2466
4540
324
1106
868
3724
681
630
1684
5169
2959
3928
4200
2602
4880
4914
4387
3435
2908
2500
1344
3095
2024
3248
4846
3044
1055
1344
4166
3724
3095
4455
732
3418
3384
4778
1786
4064
52
3469
3877
851
5237
2721
3452
4761
2296
2483
681
3027
2806
2024
766
2653
3095
256
341
4149
1599
2330
341
2517
1429
1089
579
2653
511
2364
1361
3758
3673
3078
4608
3554
443
2704
2959
562
3010
3639
1412
3639
3503
2177
936
1242
273
1293
3231
5050
3622
3571
2228
2891
4659
2806
188
3010
5186
4727
1412
3503
2449
664
4880
732
1191
2483
4472
2024
3962
545
307
5288
2721
1242
4353
817
2534
2228
528
3996
3639
2755
4710
766
205
2721
3775
3214
2092
5186
4540
2381
494
4064
936
4863
4387
52
1531
2993
3775
1837
2925
1157
919
1922
1973
1276
1990
324
3095
273
3078
2449
1038
3299
5169
2653
4336
5101
2483
3537
2126
817
2245
3061
324
1276
936
5050
2092
4727
4710
2840
3707
273
4778
3503
4744
4591
3843
2483
2687
1565
4948
1548
2687
2585
4200
1684
2330
1344
5220
4455
5339
5288
5339
3486
4404
936
1004
1140
307
375
3996
1837
3826
1242
5339
3214
477
3826
3537
987
52
953
2534
562
3537
1395
2245
528
562
5288
2806
3724
5237
2806
1854
4285
1565
2874
3248
5050
1072
1888
1531
2721
3129
1514
3775
1429
3180
1956
2415
1055
2908
2789
1616
1089
2007
3877
4795
392
1633
2262
4115
1514
2891
3792
3622
4455
4489
1531
1973
3384
3418
3503
766
4387
2840
4540
3639
664
1140
715
1718
4047
1327
1174
2959
3333
5050
2415
1548
1327
2500
307
681
35
1922
4302
2313
4251
3656
4285
2279
4914
256
3044
3945
3095
2228
2228
1599
1191
766
1140
3061
5271
2313
681
3248
5186
919
4795
4353
3418
2925
5033
1276
2687
1803
3588
1582
120
341
3860
5033
596
4744
1446
1514
1616
3673
3112
647
2279
4268
3707
2194
4404
4387
3282
4251
3129
545
3248
1191
1310
749
290
3996
2551
3877
3401
494
2041
5084
3350
460
4472
4795
1990
3928
953
2925
4574
1055
5016
2925
3248
4081
5152
4353
2976
2925
2738
4047
1956
4047
4795
2245
511
5169
3962
3911
324
647
1463
3673
1123
596
953
936
2347
1905
3860
1565
2959
3537
2313
4030
86
2109
868
3061
5050
3605
4931
4829
2296
4370
1718
630
4183
324
4540
2330
4166
647
664
3112
4421
1616
1871
1412
1344
375
2976
2126
1735
5305
3979
1820
5237
4846
2704
4931
919
103
4404
1038
4472
3962
1667
1140
2109
851
3469
4098
4693
1956
1854
3758
3571
1548
3010
2738
5118
630
2687
1497
3758
1327
1157
3656
3996
1684
1055
4931
1803
3299
613
4098
1905
2296
5237
1837
970
3367
596
3486
5322
273
1905
1378
1837
4914
1939
1599
3367
4642
919
4965
3792
5254
3265
2432
1599
2143
5186
1225
86
3639
5322
5169
3758
3044
1667
4727
4234
2262
698
2024
2534
2602
3401
2194
5339
3180
3792
1174
2466
4727
783
902
4625
1871
1157
4047
4030
4183
5271
1939
2466
3078
1769
868
766
3435
3418
2823
341
4115
4846
698
4540
732
2908
2347
3911
1344
3537
4200
3894
2143
2925
1004
1854
4081
2874
528
2908
630
2466
3197
3707
4234
1888
2296
137
5322
5118
477
1905
4608
1191
4285
5339
1922
1276
1718
3265
2636
562
4999
2619
3486
3826
4472
52
1344
2823
2959
1973
5288
3996
3503
2007
528
443
2143
3673
3384
460
3418
477
4829
2347
460
1395
1446
18
2483
1922
579
2126
4540
4081
596
3656
4132
5135
1123
4914
1752
4234
3554
5271
4064
1922
3537
4047
239
4761
4506
1480
5237
3979
3826
3520
18
5288
3537
2500
1854
4132
2466
4217
681
885
2517
4812
664
1463
2194
256
3520
3588
3350
69
3333
1531
4115
3571
936
3265
2891
3996
1888
1361
2177
5084
4472
358
52
970
2313
2517
3010
2993
1242
171
273
1905
4812
307
5339
817
3894
3333
885
1871
2704
4999
3265
3639
732
800
2296
2619
1
2296
171
4472
2653
3401
3282
2806
579
936
443
4999
4302
3911
1548
1582
4217
4727
2398
579
2704
1106
2449
52
3928
3537
1531
4659
4353
1650
5101
2177
3945
5271
1293
4421
3333
4574
1871
1735
171
154
1378
2296
4064
749
3877
2925
120
4115
3503
664
5220
3775
715
3809
1956
2245
3112
4132
3894
2874
953
307
613
86
4744
1769
4659
4438
1327
2653
4591
2704
4948
1123
1293
1310
4047
4591
69
18
5254
5288
1616
630
1565
1412
698
2517
3367
2432
3214
4336
562
3826
2245
5305
3435
1548
2228
4761
2041
1463
2126
4812
2602
1242
766
4472
477
4013
2330
3571
3962
3945
2024
3350
3180
2721
511
1208
2976
3724
3367
3554
35
256
1327
3469
4982
3554
2874
1667
5033
2823
1140
103
1888
5084
4574
2381
3758
4727
3775
188
1157
443
3537
4336
987
1888
188
3979
3435
3554
1
3469
1633
1327
4761
1276
4897
120
2942
2398
2942
1905
324
4846
4829
2721
5050
3231
2109
3469
3418
3265
1735
4778
69
2721
4489
273
1344
2585
1650
4523
3877
3299
511
3299
4574
3231
1242
5339
3452
4183
5084
3775
1497
4557
1140
4370
2432
1072
307
3673
4336
2041
919
2245
4778
69
2517
3945
477
1990
3129
2177
3112
1463
120
154
4693
4540
154
2789
1208
5237
1208
2704
2262
171
4914
4693
1259
5220
834
3418
1922
4931
307
4523
4999
647
936
3299
477
4064
137
3588
171
3435
3758
2687
2636
3911
120
3843
1616
4506
4370
3877
2517
3928
1038
1599
1633
5050
2840
1378
4625
987
545
2109
1633
1480
52
2109
3384
3367
358
1378
1463
1939
4081
1922
494
2024
409
5288
4370
2602
1633
1531
1191
494
3129
2823
188
613
4200
4812
1599
2568
4744
1072
1871
2636
1004
5254
647
4540
4472
5288
1123
3197
1854
4795
3044
86
2551
2058
2704
4183
3588
1718
4676
4540
4540
2687
5169
1208
5339
4591
1599
4727
3486
3469
2007
4506
1208
494
3690
3503
426
2653
4523
2296
2092
2211
205
4659
4285
2908
1310
2517
4625
647
4897
1633
1157
4710
664
1140
1769
2262
528
5271
3571
358
2245
2602
851
579
749
4472
1055
5271
4591
3163
2126
4795
290
4234
2364
4778
4591
4812
3248
4132
1106
4421
1310
4948
205
3078
5050
3911
817
3265
4285
3061
3690
2959
1480
2262
5254
2534
2177
4489
3520
2126
3945
3809
1021
4132
3248
3435
3588
1140
2211
2517
205
3520
2126
3605
4421
1820
2160
5254
2908
4268
783
4421
1888
2262
1327
4965
4812
3503
4115
2976
3452
528
4625
2296
4659
2517
375
715
1480
409
1072
4880
1752
3197
3129
834
2840
3112
3911
3571
2041
4693
2636
1752
4795
3962
1361
4251
5288
120
1871
1208
647
4319
3520
3129
1480
1718
3860
800
2143
4931
324
3894
596
1276
2551
1259
4387
4285
2653
4251
1463
3112
647
902
1718
5203
5152
4829
5322
4846
681
3809
3826
2024
4761
3129
3758
1089
1752
3724
664
2075
86
4438
1174
477
3520
222
4761
3996
2296
868
1752
2959
1769
1293
2806
4744
766
596
4251
4642
2228
545
4489
4829
1497
2891
562
3265
4438
4421
3163
4540
3503
4353
5016
4863
2398
2245
3503
4693
3129
5271
120
2721
1208
749
2126
5169
4540
4200
2279
4591
2568
1412
4064
4064
2143
4642
1973
1225
3707
2976
3588
5033
1973
3248
2364
2194
154
528
4710
1106
3622
4846
3826
2653
3418
3775
290
2602
2619
2568
1854
5186
3996
562
1735
783
5203
1531
5186
1378
4506
3435
1072
4302
4506
3435
4319
2483
1786
3690
3588
52
1004
5254
545
4421
3673
834
1684
4132
3418
1361
3962
5237
1922
3520
664
4965
5067
3673
987
4217
1752
5237
1004
919
3333
5322
3401
2942
3656
4829
3010
2483
4727
3554
1565
868
2211
3248
4999
273
2432
3622
154
4353
1786
3996
1786
4676
2330
2789
1378
1905
494
2381
2823
1650
2347
4064
4608
3843
3537
86
970
732
1463
358
1599
3673
1429
1259
1786
3860
2704
1939
698
2313
3775
2483
1650
3928
3095
851
477
3605
3231
1140
5254
3401
5203
4506
5067
1208
4591
3877
1939
3877
4234
1361
2211
324
443
3996
2007
970
3758
2704
3299
2177
5203
2772
3928
2942
3622
4421
4370
4676
3384
2109
545
3231
1259
273
4438
3690
4149
4200
35
851
3384
2245
4353
3843
885
1021
4812
4659
3724
579
4659
3571
1174
1072
4353
2619
3316
1191
1939
1344
3299
2500
4574
2398
596
1480
3911
2568
3503
3945
3418
1531
851
2432
3197
4914
3452
494
2041
1820
1072
1361
3231
86
256
52
2704
3571
1242
2483
4914
4557
2806
1956
1599
3401
1259
154
613
2585
4098
1854
4115
2772
4285
5152
2347
205
290
4387
2041
4540
3571
3095
4625
3826
3146
1990
2041
4387
4472
1599
3588
1922
1378
3010
3146
2636
3163
3758
5220
5101
256
1820
2517
2381
1616
2687
2585
5084
1735
2449
4268
5305
188
3554
1616
3333
3367
3656
205
2483
3095
3792
2228
2296
1463
18
4948
2449
1599
2636
2194
5033
2279
2551
2058
3894
5237
4659
1446
1616
4931
375
4761
5135
1752
1021
936
5118
2500
1140
69
3418
4948
2296
375
4234
137
3146
1327
1735
3605
1361
1412
545
3911
3486
2262
3792
613
3724
3248
188
1922
477
3146
3673
4676
4098
1259
1820
5237
1327
3078
4829
3622
1276
1531
3758
2245
2874
3316
494
2058
4727
1038
613
681
3316
2228
4472
1684
120
4676
1429
596
2466
5101
5271
4387
1004
4931
4285
154
477
1582
1599
4931
3129
3180
1820
3826
1140
2313
528
3690
3367
4319
4387
1327
1191
1327
834
4506
647
2262
5101
953
5186
2857
5339
4013
256
2092
4166
3911
3690
409
3486
1463
1412
5305
3112
2551
2262
3639
4064
3452
2602
3095
2602
1616
2262
3435
766
2908
3520
3707
1684
3350
1208
4863
5186
4642
1599
3996
3197
5288
2228
4506
4574
1463
4455
154
4013
4540
3792
2738
477
4217
3656
3078
3673
562
4353
4438
1310
2517
2789
817
3707
1820
3503
3537
4285
5118
18
5305
2874
69
4455
5288
1548
1378
86
3384
579
1718
3945
1055
3758
2262
1956
2075
647
953
4353
5135
1310
1786
613
5016
1446
4115
1021
375
1701
4217
341
2415
2126
2619
2347
3673
4013
256
4880
2415
5152
3486
1293
3571
3571
3248
290
4217
2041
2466
1837
3350
4268
2449
834
3537
4387
5033
1735
3928
1735
5254
987
3860
2534
1157
1
1191
4591
4880
1429
4404
834
2721
2619
4404
3792
732
1106
477
3214
2942
1650
5305
3214
307
3486
69
1
5220
3996
4914
5135
2806
3418
137
3962
3418
4506
3214
766
579
86
1616
1123
2704
3843
4914
1259
2772
3231
2296
3537
2704
2245
4574
3027
3554
4659
851
1259
3299
409
4217
766
3826
4353
2551
5067
1327
3588
3656
1905
3673
3095
3027
4200
1599
409
120
2194
1463
2415
392
4183
2500
4965
1854
3877
2092
528
5135
3231
936
3996
3996
2585
817
4370
120
2143
2619
3775
1871
4115
1531
2721
2976
953
3146
919
3146
4608
1157
1361
1259
3656
4166
3112
18
902
3639
5152
4132
2398
1633
596
2806
2449
4982
2925
2432
69
1361
2126
4183
2891
4863
4982
3843
477
545
4812
2908
4897
834
4183
3197
4999
5118
3214
545
1242
851
4693
3639
2483
3112
1106
2755
2738
4030
3010
630
3214
5152
2653
749
4659
2279
2415
2959
664
1888
511
205
2721
4693
1225
188
4472
2279
732
358
3129
3248
1820
3435
4200
749
4013
4761
4795
4863
52
477
4659
2704
4421
1786
2806
1480
4744
1293
1191
5254
1497
1735
2432
562
1922
1548
2840
494
5084
3792
1565
1548
5050
409
2313
3707
5186
4931
1038
3061
52
341
409
2296
5305
1038
3792
2517
2347
2806
256
1667
4557
2687
2228
4302
2058
5067
4795
1786
1327
1021
3333
1021
4608
3469
2568
4438
3044
3605
2143
936
1786
375
3231
4914
4608
4846
2092
1599
2313
2347
1089
4693
5033
3333
3639
1735
868
3095
1344
2211
1939
4676
1055
1191
630
3622
3469
3673
5067
256
2432
1497
3826
324
1055
3078
2993
970
2500
5305
3316
3588
4642
817
4744
2942
375
273
3860
1718
307
443
4234
1361
4812
4863
2823
2925
3180
358
1021
3452
5033
4846
1599
3911
392
4591
4897
2891
2381
681
4302
4846
1514
1531
256
1888
1803
4115
3622
5288
2381
2500
4472
1854
5186
5118
2602
3010
120
3622
4285
5152
3112
528
1548
3503
5135
1089
4217
5339
1769
1004
4829
1106
2534
5101
834
2160
1684
2279
2092
1905
2602
4387
1582
2432
4166
4183
3265
2109
2466
2211
5101
3401
2738
1293
4744
341
205
1429
324
5152
2432
2993
919
4965
562
4931
1769
2245
1854
1684
4149
4455
3911
3554
1531
545
2398
4795
2653
2687
1650
222
732
2228
1514
120
2568
4897
1565
732
4710
1820
3724
3452
1446
2109
3027
1038
4353
4880
562
987
1803
4472
4540
3333
5016
4761
596
137
2092
86
375
2840
2313
5067
783
2704
4625
171
3435
1803
2007
4982
5254
1276
1735
749
137
3928
3452
3877
2738
5254
2993
1922
1055
477
4523
1650
3809
1259
1735
2007
1922
4047
1718
545
1412
4166
715
2670
613
545
137
3690
1820
1871
4438
5152
3622
358
3673
1004
256
4506
766
1310
2806
5288
2976
1259
4370
2534
3265
953
4421
2823
1497
3656
4812
35
970
86
596
1106
1599
239
817
3877
35
4438
4234
3724
103
2330
2874
4047
3639
324
3979
4438
4778
2993
1633
511
1769
3877
1157
3265
2177
630
3316
970
3894
1735
5271
137
1973
732
1837
2024
2993
732
3571
919
3061
4268
4965
4523
4591
1412
3622
1837
2245
3078
2364
4013
1599
3520
5118
3775
1973
902
4744
511
2636
2483
664
4608
3214
2500
4455
4047
1055
494
4965
1939
4761
2415
1123
1837
3826
4744
3673
715
290
3860
4744
5067
5220
4506
3486
1837
52
698
2364
511
3197
851
2942
4234
1174
2058
2925
2245
375
375
2007
5152
2789
3129
1633
1259
341
5305
5169
630
1650
2381
341
1514
4710
1650
3350
4761
188
3537
3095
1208
2211
681
86
3401
562
851
3469
953
1225
120
749
1837
3265
205
919
1429
3333
732
2075
4982
936
239
1140
290
1905
2330
2874
5271
511
613
1123
2738
1310
4387
3962
5050
3061
2075
647
2109
18
4574
3945
1106
4778
4880
2551
2772
3435
2449
2398
2211
2687
1378
2500
2415
3707
35
2330
2041
647
1276
2602
5135
324
4387
4846
3384
4285
3316
154
4319
375
1922
69
5152
4625
443
392
545
2891
630
2755
239
5186
5254
2653
1361
3112
2823
3401
3775
4098
3843
1378
2245
2874
4047
3469
1820
2024
3622
3962
2398
3367
1854
18
2653
2313
3605
3197
5203
4234
596
3265
4064
3673
3758
69
1446
1225
1293
3044
3146
2959
4421
52
3673
3129
3520
3316
2976
4965
1922
3197
2976
3775
1038
273
3911
4642
3469
3775
1344
1888
4863
3231
222
3265
3299
1667
4489
2432
4710
2296
35
1599
2347
1531
2551
3690
4846
3350
3299
1412
1191
919
3027
69
1208
4761
4710
2500
1004
715
2228
528
3945
2449
3792
5084
1939
766
5339
4472
3061
3197
715
3231
4744
3282
1565
2058
1276
4863
3486
307
3605
4336
375
4812
3741
2908
5152
4761
3622
2024
3112
52
2296
1548
2959
4234
2313
766
3350
3197
1786
1888
4251
1174
5169
460
3248
4285
3146
4557
2415
1412
1361
2789
4047
2925
341
1667
2330
1803
3690
3265
5033
630
4829
460
2687
4965
1225
681
647
834
2585
4897
2024
222
18
3095
2330
987
120
4744
222
1480
2177
2109
2228
358
3775
2398
2160
5305
307
5016
3758
5135
120
1106
2585
4523
4965
3231
1
2194
2772
5203
256
613
766
2585
4795
4064
1990
5016
3367
1990
4948
256
2347
1208
2653
2330
1157
2959
5169
2738
579
5288
3843
3163
2279
3469
4217
120
3486
4812
5322
1565
86
749
4166
4880
4812
3979
2364
2840
3792
5152
919
3979
1004
3571
953
5339
1174
783
2721
4931
3894
1225
562
4013
2517
4778
4132
3826
4251
4098
52
2160
2670
2041
4863
5322
3843
5050
630
2279
4846
1548
902
3673
2942
5050
3656
4115
3656
4217
1531
2194
3265
2092
851
426
4710
4982
4251
3605
1565
2126
3588
2058
4166
3095
2024
2653
613
477
2772
120
2024
3673
1616
4965
1191
5288
1565
4846
4149
3095
4880
2058
3010
375
307
2364
3197
2381
3792
2585
2347
2024
4642
1157
2942
4506
1650
3571
4982
2245
1514
4846
562
3129
2279
1769
885
3843
4438
2857
4761
3962
2738
256
4353
3044
2619
18
3265
4251
426
256
4098
5067
4591
1701
4217
4064
3095
3860
953
2432
3350
4710
205
273
4302
4285
1956
3384
1786
4540
2007
4540
4795
4183
52
5254
4200
3316
4149
2449
1395
2891
2160
647
2415
1038
2534
3333
2721
3503
409
3894
2857
3809
1990
4982
2738
1769
3010
4523
970
5016
1531
3588
3843
1599
3486
511
4914
2279
2959
970
3010
2959
4795
3248
1820
1973
1242
2364
3299
4829
902
800
1106
715
426
3843
2500
1276
851
3469
936
2381
1701
2619
3979
5203
953
1378
5305
1752
171
783
4710
2789
4047
4353
4761
3112
1361
2721
409
2262
1344
1531
2976
4965
3197
120
885
1871
1412
4999
2092
953
86
3894
800
1055
3095
3928
630
3265
2551
3163
698
1242
2160
3299
2177
3520
664
409
3605
5186
5118
4404
4795
2976
4540
3503
2670
3775
3163
2585
4727
1072
1140
3350
2126
4234
5118
579
5339
2313
3741
681
3554
545
3979
3554
1888
2466
3962
137
137
3741
4557
4931
4540
1565
919
5033
5339
1905
2279
2551
2976
3418
545
2942
120
307
3520
103
2619
5101
3979
3996
290
2602
18
2194
2908
3996
154
868
205
4710
3622
2568
919
4540
2245
4098
1089
2347
1293
1905
3588
1837
4846
3724
5339
834
3826
2602
579
2449
4438
4064
2891
4455
4081
3622
3095
4234
4489
1123
1429
2755
3690
2347
5135
3775
4268
868
766
205
596
4370
5237
86
562
5220
4115
4387
290
2517
4676
4727
1225
35
3843
5305
3656
4761
2024
613
545
3452
3367
2058
3622
3146
3656
2551
1854
2262
2755
2449
4455
2636
375
5016
324
2313
1871
630
4829
1191
1
715
4404
3843
3843
2704
1089
3690
3316
4812
4965
4523
4693
3248
137
3010
443
5169
5271
1021
2279
2194
1497
477
1854
1820
2789
1548
2449
86
579
2466
3979
4982
4132
307
171
3044
3996
3486
2500
3622
477
1854
1514
630
4863
5135
443
2602
800
545
4795
120
4200
4472
1956
1633
664
4404
4914
4421
4693
3537
4064
1310
3843
4234
4353
2500
188
4693
3945
681
1191
3282
4489
3877
3061
2755
4302
1684
3316
1565
1820
2160
3860
1599
1633
4523
3826
1191
1429
3180
2551
137
2313
1055
4370
1310
3554
2381
647
5322
3061
5016
3248
18
3537
4132
2789
307
460
3928
1871
103
3911
375
1701
3367
2738
188
2381
4166
1191
4948
4302
3503
647
1140
2636
2024
3520
1123
1990
4421
783
5237
4438
2160
4013
5050
2466
2296
3622
4353
239
2194
2551
1939
205
5288
5305
2602
4098
4319
2194
868
290
664
5186
2942
2687
3367
1888
4676
256
2670
2381
2517
2653
4217
2228
5135
4336
494
1956
4574
511
2330
4353
3911
2279
2126
4336
4200
1106
4353
2908
1395
5016
2738
2160
171
3928
4047
4846
2007
4557
5050
4540
5033
1735
1412
4812
715
5084
4591
5305
3435
4761
4302
1990
1684
1072
970
3707
1
3146
4438
1412
2806
5016
1395
2976
3588
103
290
256
2483
3163
2619
2160
4897
4030
4812
256
1582
1871
205
5016
1276
2330
4829
783
1242
3622
2330
1242
1412
1412
2653
2041
1072
1888
2840
2500
5169
3129
579
2296
4115
3197
2279
1480
5050
4914
1752
1276
1446
5135
4132
545
5305
3605
4523
1191
1888
1497
2432
3299
732
2925
3180
4999
4812
664
2143
4625
1633
545
4744
392
3741
1667
1888
1259
1242
1463
2534
511
4421
1310
1055
4370
2755
222
205
4642
4897
477
409
290
3401
1412
3112
2857
2092
5254
5305
3724
3622
4693
1939
5186
1004
1650
1089
69
3112
3622
579
18
2772
4829
4387
3350
2874
2432
460
2432
2908
4047
545
4132
120
3656
4812
2211
1378
4761
3758
4999
1922
341
4829
749
2007
562
834
2942
2007
4591
2959
2602
1888
5186
596
4778
86
1055
5033
2993
5118
222
4948
5237
1701
4404
5271
3078
1633
3673
545
3554
4013
18
2126
3843
3758
2959
1446
3588
35
2228
851
1922
5237
4625
4523
5322
341
2024
783
3282
69
375
987
1769
2602
902
2670
2058
2398
3214
3435
1055
1055
222
2738
4812
1004
2007
3061
1038
4234
1735
800
4132
1004
3146
4098
4523
5186
4897
273
5254
3095
1259
4863
358
5339
2177
2415
2381
52
511
1276
1106
3911
4013
3758
4914
664
4642
3792
2721
1021
4591
4676
5203
205
1259
