3501
581
6161
4521
2581
221
4461
5461
4821
3561
5461
4501
3581
5781
4041
4841
2481
3241
5501
5881
4821
2681
2281
481
3441
2001
6101
781
3661
5821
5681
4621
3861
2981
2841
141
3201
1021
3041
5461
2021
2221
1121
3041
5441
2601
1581
1621
3301
4541
4941
1821
921
4681
6041
1801
381
5841
2581
1481
2821
5701
6101
4121
6121
101
1701
461
4861
4741
5921
581
4401
4481
1061
3541
801
81
2621
1541
4621
1261
801
2981
5941
541
4781
3761
3821
4801
5261
4081
4201
5061
1901
4021
2601
1041
4481
1161
5801
1561
5481
3901
6041
241
4901
4281
4081
1221
5821
2401
6221
321
2841
3321
4601
1321
781
2141
6141
3481
6221
1481
6001
5581
5521
2301
321
1141
3481
3561
2701
2661
4921
6201
361
3521
4181
4441
2181
1161
4281
2101
1481
821
2861
6101
2161
1101
5681
5741
4581
3041
921
4281
2321
3881
301
101
5041
1221
3661
5181
3881
2281
5081
1681
3241
421
3561
5421
1581
1561
4981
501
2381
1541
4041
1981
81
3421
5161
4681
181
6101
101
6241
3681
4141
41
6161
5361
1161
5061
401
881
1281
2081
4141
5441
5661
3261
721
4661
5681
4981
4481
941
2721
3921
4761
6161
2781
3141
3781
2581
701
3721
3721
4841
1221
3581
3921
6121
6081
1761
701
1081
3841
2281
221
641
3001
4701
2741
2381
3381
941
761
3541
4861
5541
841
1341
6121
4621
1381
521
5801
5101
2821
721
6121
4181
4281
5921
5941
4981
701
921
4721
4661
1581
1421
3061
4321
1241
3881
2701
2021
1141
5001
5001
1981
61
4821
4061
5181
2801
3561
1421
5621
1721
1241
3501
6001
861
3141
4681
5301
4061
541
3681
3081
1961
4181
4861
3221
1781
5001
2681
361
3721
1381
6081
1221
3641
3841
101
141
1101
1521
3201
2821
201
4141
2521
4821
4721
4661
3821
6241
5201
4941
461
4621
281
5321
5281
2061
1481
1661
6161
5201
481
5941
121
4121
941
3961
1721
2041
2921
4921
2321
3121
221
2281
5381
4941
641
2921
2321
3301
5301
2801
5361
5581
5561
4341
5081
741
6001
4941
5941
181
2041
3501
1741
421
1161
3461
2461
1521
5841
2221
4661
6061
4521
3741
2141
2601
4101
4481
5901
3121
981
2401
2401
241
441
4941
1001
3881
1021
4381
4061
3061
1601
3261
3481
201
421
3401
1741
6261
3061
3841
3461
1281
1281
5621
1341
2841
1241
4681
3401
2221
801
3241
6201
1241
1881
4641
5141
2921
2741
341
3421
1781
3601
4361
1981
1481
1461
3721
1441
1961
1261
2361
3261
1
1681
4601
281
2921
2981
3681
2581
3781
621
6221
2481
2521
4581
1321
2881
4761
5401
1
241
2721
4361
2221
1641
3261
3401
3081
5241
2101
2881
5941
2101
2001
4241
6121
2361
4661
3501
4941
5901
4141
4881
5821
4101
601
4581
4421
5361
3681
4421
5601
3841
2501
5261
5481
3201
2361
6021
2141
4481
2601
1781
4021
4621
3461
3861
681
5581
4801
3081
5181
81
5401
2141
1621
6001
421
6041
5061
4101
4181
1801
1661
4121
761
4581
1021
581
1741
621
5061
4361
2401
221
121
3321
1521
4541
2601
41
1321
5221
3861
421
1061
5501
3861
1481
5241
61
5581
561
1861
4681
4681
81
421
3161
661
2161
3781
3161
3961
3621
821
4081
641
2361
2341
3241
6141
1101
2161
1141
5281
661
341
2841
2141
3041
2921
5181
3601
2221
3561
5741
6041
1421
41
401
3601
3821
1001
1261
4881
1841
2801
5541
1641
5141
6221
5221
6241
5841
61
5221
201
4161
5521
2361
901
5881
1241
1941
1801
2241
1381
1561
3681
1421
5701
4721
2681
421
3421
1281
2261
6221
4261
1341
2501
1621
261
2461
1161
321
5121
5121
4481
1781
1181
2821
1361
6161
4781
621
5841
6161
5921
661
5041
5321
5381
5161
3181
2521
3881
2881
6181
1841
4221
2401
3481
4481
2301
2081
2261
1121
901
4181
361
5821
721
1721
3121
5501
2341
2681
2801
1961
3341
5281
4741
6181
4161
1621
6141
1741
4521
6021
1041
2441
5861
1961
4381
1861
1481
341
441
2401
1961
801
5661
2681
2521
2501
5621
2321
5181
5881
4281
5961
2301
161
5841
3901
1801
5681
3101
21
2861
4141
6201
2421
3541
4281
4301
5021
2061
2181
4861
4041
2981
4241
4161
2941
441
941
5261
3061
4261
701
2721
261
861
2281
4181
2661
5401
981
121
1961
2561
3781
4401
3541
5501
6141
2261
1281
2021
4581
2761
5001
2521
4361
5381
401
2741
4361
3461
701
5061
6181
4721
3361
2161
2601
6041
1281
1021
3601
3241
1021
1081
5081
4561
301
2361
4261
5321
4381
2541
5521
521
2501
3581
5921
2901
41
1421
61
4481
3921
6261
2901
981
2121
2941
4461
841
1401
1781
1541
2421
301
4061
4421
601
141
6141
3361
1961
6121
2581
6241
2341
3621
5861
5241
1101
4721
2761
5581
2341
2721
5941
3321
2281
2581
1501
3141
4001
721
2121
3861
1021
6181
2001
5381
21
5581
2441
2001
5401
2481
1941
1441
3541
5241
4141
4641
1101
601
1361
3441
3321
1001
4201
3041
3601
3141
3621
1301
1301
5741
5161
2341
5641
4601
5161
3101
3881
5041
2541
3001
1221
1921
4441
2201
4601
6021
541
5701
321
1921
281
3641
2921
1941
4141
221
5081
1461
5261
101
921
4141
6181
4001
6181
5041
4541
3781
1221
801
481
6201
2721
2361
2101
4781
2101
2661
4181
6161
4581
4481
961
4941
3861
5101
5181
2641
261
1581
181
4921
3161
61
2621
3061
2541
881
541
3781
5421
4761
3681
5581
4561
5781
4061
361
2141
1961
3981
4161
3881
4941
2821
1441
3741
5441
1521
4001
721
1721
81
3901
1781
141
4401
4341
4761
4941
1821
3881
841
2941
3181
5401
2421
4681
3221
4581
341
901
6181
1661
5841
141
541
3281
5581
2081
4721
3761
3801
4801
5101
3021
2401
3201
4801
861
5581
4061
2201
121
701
2821
5521
3141
1201
2441
5161
1561
781
5041
661
321
5201
1221
1041
1921
741
5781
5681
4541
1721
1921
5001
1561
2561
3521
2441
1841
1281
4641
5701
2001
1161
4941
2581
6101
4821
1441
1361
3061
3921
5781
3381
2821
701
4441
4761
1441
1361
1581
3421
521
961
2121
5841
3521
3081
1981
2821
1821
4061
2221
1261
2661
4601
3841
2461
581
2721
1281
3641
341
761
4461
621
5201
41
5381
4081
5141
4401
1201
3121
2801
761
2661
3781
1301
4641
301
3121
6141
6261
1821
6241
2021
3101
2401
41
5821
1121
1121
3601
5621
5581
4221
4521
3081
741
6041
1921
2601
941
5041
5401
5461
1401
2881
4201
3481
621
4761
761
4341
281
701
3801
821
561
3841
341
1681
2401
3941
4761
5421
5621
2981
2201
61
181
1581
2661
1121
321
1781
4021
5481
2101
5661
2661
181
4121
3441
4521
1841
1581
2021
2661
2141
3301
441
1281
3141
1841
6041
2261
1161
161
1921
1221
341
3501
1341
5221
1261
561
381
441
2661
6061
561
2841
1321
4001
4801
3181
5581
4261
3281
5181
1261
3741
161
1841
3021
6201
4121
4181
3801
3481
2841
4161
4421
4181
3081
5681
2181
3461
6141
2301
661
4141
5141
2001
1841
1101
2621
4861
5361
5901
3741
4081
781
1341
5921
1241
4981
1181
5421
2501
2101
5721
361
221
1041
881
5921
3241
1781
3201
5541
2461
1041
1821
4461
321
2921
4521
2621
5741
1561
3821
3521
2361
5161
581
3601
3861
5521
181
3801
1321
5901
4161
1561
641
5041
4921
1321
4261
1821
561
421
301
2401
2321
621
2761
541
681
2201
2121
4501
3161
1921
821
1201
2961
4681
4161
581
5921
5481
3921
3781
4481
4581
6261
3101
3341
4221
2361
3921
2101
101
3761
4421
4461
3961
2421
5161
6181
4541
3361
481
3901
1621
5421
4301
3741
3281
4901
3361
2481
2521
841
4401
4541
4541
4961
1601
6221
1021
2961
2021
1141
421
141
3041
4381
2561
1901
1701
4541
2721
5941
5881
4341
2501
3901
1801
5801
2501
5161
5721
5021
3461
3821
721
1701
2481
2321
1621
961
5281
1081
5841
3141
1241
2581
4961
1241
1941
4121
3241
4661
1201
2821
2701
3701
4161
1941
3201
361
821
2621
2841
1721
3901
3561
3421
3821
5881
2501
4781
2301
3581
1761
2881
2261
4361
1541
961
1
3101
4201
2101
4301
4461
2241
1721
2341
4201
2361
141
2461
5001
2981
4181
41
3981
5041
3861
1001
4981
2361
3301
2281
4121
6181
1981
5921
5181
2941
3361
1981
4581
5461
3741
201
1421
5461
6281
3061
1521
121
5521
3961
561
841
4001
4541
3321
5321
3001
2021
1381
1
1741
2941
3641
3721
21
6261
4121
3381
5681
2401
2561
3121
41
1421
6021
21
4481
1261
3901
1141
2661
4461
5721
4121
141
2741
3141
3141
4761
1961
601
201
2341
1681
1381
2361
1641
5501
5761
1021
5341
5761
1601
5401
881
1321
2861
2801
21
461
3941
2701
2361
801
4261
6261
3541
1101
3101
5761
501
1141
5961
2841
2821
4781
5221
1901
3981
2121
381
481
1581
1981
3321
6201
741
6181
2701
781
4101
4081
921
3901
4881
5181
3861
5861
3721
4421
5321
4221
5561
2441
4501
5841
921
861
5181
2361
2981
5561
2841
2001
4981
6161
5641
5741
3481
2041
3961
1281
3561
4881
5201
5881
3761
2761
5461
1181
4621
1921
2841
3901
4361
1041
881
2741
5661
6061
5101
2341
2781
5381
1801
1461
5241
1141
4641
2421
641
2301
1161
4201
881
61
1241
2081
261
401
701
2341
2321
981
3681
4141
5781
4561
581
5141
1761
3121
1181
4541
2201
421
3461
4881
1581
5541
1001
2221
1561
5901
3861
6181
3401
5101
5721
1121
2941
121
3461
2721
1121
841
561
4341
5401
4881
3181
4601
5441
1801
301
1341
2241
3761
6221
1261
3001
4661
921
2001
4281
4781
5641
5121
1041
5061
6241
3981
2621
3401
4141
1181
4241
2141
5521
781
721
2401
5401
6161
4221
5701
4941
3901
601
2301
5161
1041
681
6081
501
2401
4561
6141
1221
3041
4901
1181
4481
4961
2021
2321
6161
6281
4481
5381
4501
2641
1501
1041
6261
3161
4181
4901
761
4781
921
5921
3281
5341
3141
3781
1441
1401
3621
2661
1901
5961
1281
81
4621
3321
2401
4481
741
581
1021
5241
3241
6261
3741
3201
3121
1621
5541
1321
3861
161
4681
841
2941
1521
4621
4381
361
5681
4501
2261
2781
5781
2341
1101
241
4761
3041
981
2781
4061
3681
3461
4021
1121
361
4581
181
3361
5901
4041
961
4281
2321
3921
3241
641
2001
3601
3761
3941
5881
241
3441
1921
5101
1121
4121
1841
5861
4361
3341
3241
1521
1061
1801
5641
3081
1981
2701
121
3481
3661
1841
5801
1281
5081
3901
741
2381
1361
4681
1961
5361
5561
1341
4161
4141
2901
3441
3701
961
481
4381
2501
5281
6181
1841
5801
5601
4541
5921
2781
5641
1461
2301
4381
3981
6201
5121
61
5001
941
5781
1501
3961
4561
3101
1801
1161
241
5501
5881
4461
3581
2081
881
901
1361
381
201
3341
3741
441
2681
2641
181
4501
321
3821
761
401
2521
1721
6181
4041
3121
1881
841
4921
3041
4841
1561
61
441
2581
2141
1341
3481
941
5461
1121
4281
2921
1561
4421
5561
1741
61
5901
5561
841
3741
5541
1
1061
721
3121
2941
5301
1741
3421
1281
741
3501
1741
3321
3081
3081
501
4041
5981
5361
5761
2601
4381
3881
5621
6121
1401
2661
2841
2241
101
5821
2241
1161
3981
5361
4101
2981
4541
4961
4281
2721
2161
6021
6041
5261
241
3981
441
3661
3041
6201
3721
1121
1241
3041
4701
2641
5701
4981
4881
3241
4501
821
4401
5921
3621
5941
2601
5601
2041
4321
2021
4221
1481
1761
621
5461
3181
1061
2841
6221
961
261
4801
2201
741
3201
4841
3881
5621
861
821
1261
5421
2661
881
181
6041
3481
5781
1781
1521
5241
6001
3001
4441
4061
2181
1321
5121
2461
1261
6101
2721
3501
5741
901
401
1741
4781
6021
2601
3041
981
5481
5701
1861
5661
5441
2781
5161
4661
4301
1541
1821
4761
6001
5881
4381
1021
4721
541
6021
1961
701
3221
1401
5341
1061
581
3821
4521
3201
561
5501
6121
3701
4801
5481
281
1301
1781
4941
3041
3341
461
5241
481
3801
761
5241
2221
5041
2421
1621
5741
3081
461
2221
4161
1061
6041
2381
1701
4041
5341
1521
5181
1281
701
5461
2581
2501
1561
3081
3281
5761
5761
3761
3261
241
2701
2921
5281
5121
4541
2181
1921
5021
4401
3521
3521
1601
3341
5221
3081
2381
4181
1981
1121
4881
4881
1141
4821
141
4221
5541
5921
3701
3001
321
1381
3161
3261
361
5721
5241
2541
1341
1401
4401
2301
4921
6001
5661
1281
2781
5481
5461
4761
301
4061
3361
1461
21
941
3121
5581
561
4261
6021
4641
5641
2881
1601
6021
2321
541
6001
1101
1961
4101
3421
4321
3801
2781
5621
301
5701
4781
2501
6021
6281
3301
1181
3761
4261
1741
3041
2261
6021
201
601
5361
541
5941
2521
2861
3941
2241
1401
3341
41
2261
1361
1301
5041
4421
5341
1901
2921
5281
1621
2901
2301
241
361
4001
1981
841
3701
5441
1061
1761
1961
5341
1401
4481
1901
2781
4161
741
6121
1661
3021
4941
2961
5501
3061
5741
1101
3421
4721
2721
41
4461
401
4141
2161
6141
2441
5881
5281
941
1341
941
6281
181
2881
5621
421
741
61
3981
2401
3081
61
2801
6041
3141
2241
841
261
681
1021
4041
5141
5161
5641
4761
5001
5521
1781
1441
161
561
2381
141
4481
2701
3201
4901
901
3261
2601
3301
3801
2661
3561
3541
3241
5801
1821
961
3921
281
2441
221
5461
1781
2421
4161
1001
4201
3041
4901
4761
5441
5041
2941
5581
5681
1561
181
2661
1601
941
3901
4261
4501
4881
4961
1441
4141
5921
2821
4441
2061
481
3601
1301
2901
5201
6041
4541
1961
4661
3001
4841
841
3381
4121
241
2381
1761
341
3981
2701
4241
5701
4641
261
1801
6081
4401
1421
41
2541
921
521
3581
2221
861
2501
5721
5401
1901
4081
5841
441
4921
2941
2001
2601
2761
3761
2941
4201
3901
881
1041
2241
1141
2841
2041
5561
1701
5821
5541
2621
61
2841
2301
921
5341
1721
3781
941
3241
3321
5121
5601
3701
821
1921
181
2041
4861
4381
5941
3201
5421
1901
1781
5701
1381
1041
1101
901
4041
1161
4701
581
901
3081
3361
61
561
1741
3301
1321
561
2621
5041
5121
1981
5221
861
541
741
4261
1181
3601
6161
2981
3001
4981
1461
4101
5881
5501
2701
4301
6081
3621
4821
581
3681
5381
2321
4441
401
321
4501
5441
5461
181
1801
3761
4461
2541
1721
5661
6141
5321
2341
281
4001
3801
4381
1041
461
4541
5341
3981
1861
3861
4581
2981
381
601
1121
4521
941
5621
1121
3841
5801
2921
1301
1421
2921
481
781
201
3241
561
501
961
1801
2321
2001
2261
561
4781
6261
6161
6081
4541
2861
3901
2581
3981
2121
961
3321
3241
4801
261
3621
3561
1681
241
1481
6201
441
4721
4201
4681
3121
6021
721
2561
1981
5021
4781
5681
4901
4561
1361
1461
2161
3961
5441
1741
4921
6201
4981
881
181
2301
1881
5601
6281
3361
2961
4181
5521
861
2561
2361
4321
721
2361
21
5761
861
3141
4361
5421
4521
3261
5041
2181
2401
4221
4541
6061
2901
5421
3681
2661
4741
421
2641
1801
3381
521
1041
1701
541
841
6021
1261
3201
3481
721
4061
341
2521
641
4861
5781
3121
4481
5641
1041
161
5401
1381
3041
2781
1481
1481
3201
4141
3301
4041
2101
1781
5741
2641
2621
2901
1361
3261
101
5821
1041
441
2061
5421
2741
5281
2241
4661
2061
721
4821
1161
2101
1561
1381
3601
3061
2041
5181
3801
3521
4721
5581
2961
4821
5641
5861
6181
2601
3401
5701
1081
3841
5201
201
4021
4201
2441
2381
6261
3161
921
4881
2721
6221
3701
21
421
5741
2641
4221
401
1061
941
801
5881
4021
4121
5761
341
1221
2621
5161
2521
1521
5381
241
3161
1521
81
3141
2141
4741
5461
2301
4661
2861
2321
5101
6061
2401
461
161
901
1421
981
501
2881
5101
3701
3221
21
3761
5841
6281
5301
4921
241
2161
3881
321
2741
3461
5061
5641
5761
861
5961
5521
3401
5721
1621
3881
3321
2541
2741
1741
481
5621
541
4181
1
4321
1661
5841
4301
4401
4461
1981
4001
5781
6041
4201
2961
2241
3541
2421
3121
3201
1661
221
61
3281
1541
3401
3261
4281
5141
3741
3621
3141
5381
1061
4901
741
601
341
2581
2501
2341
281
1981
5821
4481
4941
1781
1741
4821
2341
2381
181
2561
2461
901
4121
5861
4181
5841
2141
1621
601
5281
701
1661
1321
5181
6001
1681
1461
5941
1461
5501
5381
981
3681
1461
2761
2861
6281
2541
5261
161
5121
1421
1081
381
4721
2701
6221
561
1761
541
3301
2481
5941
4621
5101
3101
3741
4021
2741
5201
3221
1821
6201
601
3301
101
3481
3281
2661
6181
901
5221
1301
5721
3041
6021
2121
2961
4021
3881
941
1021
3801
4341
5661
61
1141
541
4081
1321
5761
4741
3161
3101
5341
161
641
6261
881
741
6141
5521
5961
4881
4941
141
4601
4501
3121
2341
5841
1501
801
781
3281
3901
841
4421
4461
2361
5761
3921
801
61
4461
3601
3961
5101
1001
4841
5861
861
1521
2961
3181
161
3121
5241
2121
3681
5021
1661
2621
5821
6181
5921
3441
4481
4041
5341
541
941
401
5101
1001
4861
2401
4961
1101
841
961
661
5441
2481
1081
2341
81
1641
1281
2201
5321
1
1301
5381
3261
4941
5001
4141
3121
201
3181
1101
4881
3581
6201
5901
5881
6041
2001
701
601
401
5101
6041
321
6181
5821
4161
5261
801
3801
1721
4541
2561
821
1521
1201
5821
5661
4321
3461
1
2861
2061
1021
221
5401
621
6261
4841
1321
4301
2701
121
1501
3021
3761
1021
881
2721
5581
4701
1901
3821
4701
2721
2781
5901
5981
5901
1361
3161
5901
4221
2661
621
4441
1761
4981
1861
4041
1
3601
441
3881
5101
921
5081
3581
5541
5241
2861
1381
841
4121
6081
3561
621
5681
701
221
741
1301
3561
2421
3961
1621
561
3161
321
6161
901
4061
3481
5101
5381
6021
6021
1601
3301
5261
561
3601
361
1401
1441
3881
2421
5801
3281
561
3461
1461
1861
4461
3881
5821
6081
1901
121
3841
1761
4761
5361
2681
3561
4441
2421
721
6061
3161
3441
4061
4221
1241
2901
5661
5121
2761
2601
5841
3321
6061
1021
5181
4221
2341
2141
1441
4241
6001
5301
3461
4481
1801
6141
5481
6241
6001
3661
3441
321
801
1201
4541
5781
1561
1341
2041
4321
3941
1601
1361
1141
2621
3981
2801
2401
6141
4241
361
3281
681
1261
1461
2481
4841
661
6181
2001
4321
3321
2321
2561
1981
4301
5781
3541
3081
1521
5301
721
3121
361
5601
3181
4361
2101
5601
1641
3781
3401
4921
1921
4661
3841
4401
3201
1941
1721
5201
3701
2501
4961
3701
1921
2961
3181
5461
6041
4701
4461
4201
1541
2281
941
4721
4081
3041
1461
3161
4281
4861
5521
6201
3221
3061
1741
3881
2441
3481
2781
6141
5981
5201
3541
1601
1861
421
4501
5361
5141
101
701
4121
2381
1661
2541
3901
2141
1461
761
121
21
1
21
701
501
1781
4581
2961
5261
1061
2801
2381
6261
61
3981
5581
4221
5921
2081
501
6021
2781
4621
5861
4441
881
3461
301
2341
4241
4161
6101
4241
4201
501
4741
3421
5081
5141
6121
3601
1661
2201
1001
5461
3621
4021
3381
681
6101
3901
401
41
5961
6261
1921
541
881
2221
321
5121
3841
3881
501
1741
4381
2681
2601
621
1541
2421
4221
641
2061
2661
6101
5681
401
621
61
3941
1961
4201
3981
1641
1621
5921
5921
2501
5581
3701
5061
3121
1281
3001
2301
5661
3121
4901
6281
4661
4761
1641
2741
521
4321
6281
3641
4721
621
1141
6101
21
5361
3801
5401
4421
3421
5041
4361
2701
6181
3121
3281
1161
3561
5581
4261
381
1641
1701
2501
101
781
5241
641
5101
5241
4281
961
3301
5441
781
3321
1941
2021
2441
61
5441
4921
4421
5581
4801
4981
2561
3401
2241
5601
5101
2621
941
501
5121
1041
1301
1521
1681
3841
461
3421
2261
3761
1
481
4521
1941
2501
4401
5741
1641
3021
3861
4661
5261
6281
941
2361
5961
3981
1181
2281
4921
5421
4861
3401
4161
3821
2541
1721
4281
5961
3981
5481
5961
4461
1141
5341
661
5561
4781
6041
2281
6081
4401
5001
6061
2781
4801
5721
461
5981
5441
2821
2561
1441
6241
421
5261
2481
5881
681
5881
3561
6161
5541
5461
1021
4581
3561
4021
501
741
1
281
2601
2441
41
5381
961
3201
3301
4381
2341
6121
641
3801
3501
1081
2761
5981
661
3461
5561
1681
761
2241
4581
5521
4261
5601
3241
4761
3781
701
5041
81
3141
2521
5481
1541
5721
2481
5941
1781
6041
281
3021
3261
5101
3221
381
3221
4121
5961
2341
4901
5641
4361
1561
3621
3661
4821
5821
1161
5521
2021
1241
6101
4541
4161
1361
3981
4081
4741
3201
3841
2461
6221
4541
1281
3141
4921
1941
981
2021
4281
3321
1381
6081
4881
2441
901
3401
1961
2061
61
3981
741
3621
5981
2361
2421
3661
141
861
561
1421
3321
4221
3401
2041
4801
2041
3981
5781
4061
5701
241
2881
5501
5141
5321
101
5981
4741
5901
6061
6161
4081
821
3281
141
3241
641
4041
4101
4941
2901
1121
301
21
3181
5121
2061
4601
2041
3561
4021
2301
161
661
1141
2921
761
821
5101
4101
4321
2421
1881
2581
5701
5781
5821
3801
3521
3621
6181
121
2201
201
141
2821
5321
5941
1121
1061
661
2581
801
4561
3241
1941
4921
1441
221
3741
5541
1981
3601
4881
4581
441
4361
1541
4241
1581
2621
4141
5441
4821
1781
3041
5081
4541
121
3641
5601
781
6241
3861
5341
621
3241
3981
5821
3461
5161
5061
2901
2461
1081
4921
2901
5441
161
4601
4461
2781
6181
3621
5041
1661
4101
1261
6201
4221
4921
2941
2461
2301
501
1501
361
3761
2921
6181
4661
5521
2401
5001
5421
3481
3621
5781
81
1241
4081
4541
1461
3961
5601
3961
3061
3401
5221
2961
5081
1281
3341
1241
3581
3861
181
3961
5061
561
1281
3421
6081
3681
5881
2661
881
3201
2141
961
1881
3661
2941
3361
5061
2261
1021
1821
3101
3681
2221
5621
4981
5561
561
6001
3121
4501
1101
1881
5061
2401
2761
2281
6081
6081
4941
4401
421
781
5361
2321
4441
5761
3121
641
1721
1581
2461
2261
5261
4681
1601
1381
3961
5901
4841
4521
4101
3381
3861
301
3221
4061
41
3021
3841
4981
4861
4261
3221
1381
281
5101
841
841
5761
1
2421
1921
2261
1401
4061
3861
221
5461
921
5061
3681
2461
2161
1241
2781
5381
2741
2821
5841
281
5241
1861
2001
2161
3241
2281
4721
4081
581
4181
4081
3001
3541
3781
1841
5041
5101
2081
4201
6021
4581
1601
2181
4181
281
2401
721
3041
2661
4001
761
5361
5861
2761
4961
2801
2501
3381
4321
3081
5001
5841
6081
2261
781
5381
1001
5881
1161
5221
5601
3181
4261
5221
1081
1981
5081
1801
5021
5181
3241
3241
4241
2821
6001
2921
3061
2201
1
4841
2721
2461
4381
6261
4721
5161
5341
3161
2181
3941
5821
1481
821
3781
4161
5641
3221
381
4881
5681
5561
1841
2621
3521
4661
2341
3881
5161
1981
1321
3701
4721
3781
1801
2121
5941
4401
1161
2821
301
5101
2341
5521
3361
3581
821
2721
501
1201
1301
6181
481
581
6261
1441
5241
6041
5321
4121
1721
4081
5261
3881
1581
761
6001
1221
2621
4601
4041
2921
841
3841
5881
4221
4861
421
641
5361
1621
5681
2681
5841
6281
81
4721
2661
6121
3741
4221
1561
1541
3201
2881
561
1401
41
1781
4021
2081
3281
4381
2941
4561
1421
861
3121
1841
5241
5921
901
2061
6041
4201
5781
6141
2621
2161
5961
3821
3821
4961
5361
721
5301
5921
5881
5341
5141
3601
1121
5861
5441
1501
4121
561
6101
941
6141
5041
561
4481
4561
321
2381
4041
161
5021
3641
3561
6281
1181
2241
5341
1901
1241
2401
5221
4021
4981
6281
2581
4561
5421
4101
2381
3421
3901
781
701
101
1341
5181
4661
5401
5021
2401
3001
1181
6061
281
1161
941
2521
3941
281
1201
41
5521
5221
2461
5501
1501
721
2061
5601
561
2921
661
1341
3621
761
121
2501
5421
5541
4961
5261
5981
6141
5021
6261
1001
3401
6221
4941
1141
4861
2421
4101
3781
4901
3301
2741
3061
2801
5781
3621
5721
141
2401
3041
4641
2541
2981
1201
5521
1661
181
2641
5241
2641
61
6261
6061
3721
2341
901
2301
4781
5001
3521
821
5741
6261
3881
5981
3201
4961
5401
781
4801
5881
5441
4781
1
341
1441
5401
521
4101
4361
621
4161
1761
381
1581
4101
5021
1321
21
1161
4861
4581
4341
2261
5921
4021
5461
4581
561
6261
521
3881
2841
5321
3881
3181
4201
441
1161
2001
2241
1781
6161
4001
5901
5201
5541
2061
221
5581
3221
2521
3861
1261
4801
3481
2721
1401
5501
721
1361
3481
4601
1641
6241
5921
2281
4141
3801
881
6161
6041
101
3461
3741
6001
2361
441
1761
41
6021
2421
2561
1021
1121
1061
1961
3841
6221
4901
2001
5021
5821
4041
381
5761
3661
2661
3621
1181
3541
921
4661
3641
4381
2121
781
4201
2561
2541
1681
6021
2401
4241
4481
3521
2761
3881
4801
2681
6241
501
1401
5761
4541
5521
5241
5641
1881
1
4261
2861
921
2641
3941
5301
2201
4721
641
2201
4701
2321
5661
801
4021
3841
1761
481
5181
261
601
5121
761
2001
4581
2741
1241
961
5841
561
961
3801
881
1881
3881
4821
4641
6081
701
2721
1981
5401
5061
1341
3661
2781
2641
5421
701
5261
5701
1301
1521
3901
741
3541
4101
5721
4521
3641
1
5481
4881
4621
4821
2481
3141
601
2261
3841
3321
1701
401
2081
481
4061
2301
561
621
3001
5821
3761
4301
1041
5121
5061
4601
2921
4481
261
4001
1921
3181
2581
241
1701
2501
841
6041
2221
2121
3081
3921
2521
2601
4401
4021
4921
2421
2101
1621
1941
5861
5941
441
4681
2141
2481
5041
4061
2741
181
6001
5921
221
3681
5081
2721
4521
4821
4941
361
1601
1
2881
4221
1861
4361
281
4281
161
1901
6221
6021
5281
4101
1861
4861
281
4341
2641
3021
1981
2341
2661
2201
3461
1441
2361
1701
6261
4761
5801
5321
4761
6121
681
321
4181
961
2041
4341
301
5721
1521
5601
3521
821
1601
3821
2601
4241
4281
4581
4021
641
481
1201
5821
301
341
3241
5061
6141
6001
961
5961
381
1301
3861
5081
781
5641
5381
201
4601
2121
3741
2861
3741
5001
5481
5421
2981
3761
3161
1081
1701
1801
4341
2001
2141
5021
761
5721
4721
1721
5381
2541
461
381
1321
1261
6041
4161
5201
1781
6281
2641
4661
1161
5081
3841
4041
1781
1301
901
301
3001
141
4641
2441
6021
821
3201
5441
5541
2381
4521
5541
281
4921
561
5281
2101
2161
4201
3881
5901
541
5981
761
5641
3521
4801
4861
2281
3141
2601
5281
721
941
1441
441
5501
2081
5881
4761
1901
1561
4001
2201
181
2001
1181
6021
4181
5381
1041
3781
3381
741
1981
161
4261
4241
2461
241
4821
5061
2981
5561
3441
1861
3441
2661
1381
481
4861
3301
2041
2561
5501
5961
2001
381
5681
3621
3221
421
4841
301
4901
4281
4201
2881
2221
361
561
4481
5421
981
1181
2561
2841
4641
2661
4241
5121
1221
1241
4601
3781
4181
4261
3241
2001
1081
561
5221
1501
5421
2961
3861
841
861
441
3061
4961
4741
4981
4081
5741
3621
4101
2281
1961
461
3961
4521
1701
2641
2821
2921
521
4521
3601
2541
5601
4181
5201
4541
741
1881
2101
1581
181
6281
2081
5161
4741
4501
381
1621
1821
4481
1341
1221
2401
5321
3181
1541
1661
3441
4461
2201
1661
5521
2181
961
3401
1081
2961
1581
401
5061
601
601
5061
121
5761
941
4621
3581
1
3901
1781
1341
5121
4181
361
2021
5721
5781
5461
1321
5421
841
541
1301
5541
1381
2381
2201
401
2801
981
4741
841
3481
4861
4041
1861
641
1321
1861
4541
541
3201
3361
2161
1021
2821
5321
501
2001
361
3361
281
4641
4661
3261
3481
4481
5481
3881
4721
3901
6081
3001
4821
4641
741
381
2721
2081
5981
961
2621
321
1781
4801
5081
2041
3821
3021
1481
1621
81
1761
3721
2181
5041
901
381
1661
2221
2541
3001
2001
5561
1521
4101
1
5641
4261
5821
2761
2681
5901
3081
1901
1841
1881
3941
3101
4901
5441
4741
2441
4641
5901
4621
821
4241
5001
6221
161
5001
2921
5921
4261
4441
1161
4261
1221
5421
1241
3981
1801
841
781
3701
2681
101
5101
5781
2441
4241
1661
4881
21
5001
3221
861
2941
5661
781
561
4361
1161
3921
2321
5601
5081
4041
541
1641
5281
4521
901
3561
2741
2041
6241
2841
841
3161
2741
2521
2281
1321
2561
981
1981
861
1381
5101
5381
1941
601
241
5861
381
3301
2081
4421
3841
1161
841
5801
2061
4401
6001
4121
1781
6281
4961
2381
2721
4941
2101
1501
1201
3101
921
2061
1921
6021
4881
3861
341
5141
861
4461
5881
381
2581
861
5281
861
361
1061
2701
3801
2621
1921
3801
5021
4301
221
3661
121
5461
4861
661
101
4361
2581
3561
401
3881
1341
2981
2181
5801
2561
2561
2081
3421
1541
381
1221
41
3081
5041
2661
5001
2541
5141
461
201
2501
581
5681
4821
4981
3221
321
1261
481
4461
5141
1841
1141
1021
1341
3701
1021
881
4561
1
5001
3241
61
1801
1981
161
4241
1961
2741
4701
5901
5261
5281
2721
1221
3961
5941
5281
2661
141
3461
5241
5721
4601
3701
4501
5761
4721
2821
4021
2181
1541
961
2241
3341
381
6141
1281
6081
2601
3441
5701
5301
6161
2121
3961
1281
1781
2941
3941
5661
101
2901
2521
4721
301
721
4181
2481
3561
5641
4661
5101
4061
4341
5881
1881
1621
4601
1681
1661
1741
1081
661
1621
641
2061
341
6161
5021
4281
2961
5121
4621
5481
981
2381
6221
2601
2301
921
1961
4401
3461
3461
2441
3041
5341
1501
5081
4461
3181
541
2981
1281
5901
3641
3361
3681
3501
2081
1661
181
4641
3741
3101
5641
3561
461
1941
5861
1381
1341
3961
2281
2241
3841
5321
1301
5341
1561
5761
5961
5841
2461
961
5441
3541
1761
2821
4481
3841
1921
4661
5921
3101
5221
5261
361
5681
4661
3661
781
3441
1321
3061
5701
2601
5841
701
1661
1101
3901
1321
641
3801
6021
3521
4781
1481
3781
2981
2761
3141
5081
2401
6261
4001
5101
4061
3401
3461
1441
1621
621
201
2121
21
2821
1661
4461
1921
201
5801
3241
4581
761
2981
5541
5541
4461
461
2221
941
3621
1021
781
1021
2461
5881
2521
5861
501
3961
4921
4861
1621
761
2321
1881
6161
4221
3801
81
3721
741
2101
1921
1161
1361
1181
3081
1821
841
1461
2881
5601
2241
3901
1781
5561
3881
5081
3501
1541
3721
5801
601
4481
1821
2481
4341
3481
6281
1861
4661
4481
3981
281
3081
2781
1461
6161
2041
2321
1321
4941
1621
1001
6281
841
4021
3861
5941
1221
2861
3361
741
901
1541
1
3401
3321
3501
821
5201
1861
2741
321
2141
5841
541
3621
5701
2581
3381
4481
4961
2441
5481
4961
741
3201
6261
381
1881
261
1181
2621
1181
161
2621
2021
3481
6121
2841
6121
1681
5601
141
3841
2581
681
4901
1981
721
5721
161
5681
5601
3101
1781
41
3741
5501
421
5621
5761
1601
1941
4381
5501
4581
101
2701
1841
401
6261
3541
3441
121
4821
6021
4541
861
5441
2701
4021
5621
2101
3321
6161
1321
3381
3601
521
1241
2941
3741
2861
4881
1821
5801
601
5681
2201
6201
6081
5921
881
661
6041
3141
381
1721
4001
3261
4441
1721
2581
3981
5041
6181
5301
5861
3501
5841
821
141
3281
1121
2461
2541
621
521
1921
281
4161
5441
6201
5041
6101
3381
1881
3921
2541
3321
901
4421
2481
921
2101
1221
821
1121
4541
1761
4401
5361
1901
5121
181
1801
1361
4541
6061
741
4821
3921
6181
2161
101
3441
5541
1981
1061
1801
2741
5701
6221
5221
341
5781
3901
4901
4341
2141
361
2441
1201
6001
5001
5121
5241
61
801
2461
4541
3081
81
4441
5241
3941
1581
4501
3361
81
3741
6121
5801
3661
5041
3581
581
2641
2181
4921
2221
6281
1061
861
5981
3501
5981
4921
1021
4241
1081
5561
1021
4921
3701
6261
2561
2721
1901
3361
261
5641
3181
6061
461
1941
781
1041
2021
401
3421
4261
381
4481
5121
61
1701
2261
4981
2721
201
3521
5721
4961
2141
3141
2361
2141
3301
4281
5501
3561
1061
6141
761
5261
1781
1541
3761
1241
1941
881
5501
2321
2801
1781
6121
1941
4041
2261
2101
1681
5781
1541
4081
5361
4681
141
4941
5421
4421
1581
2701
2941
1421
3461
5641
641
2461
3101
1901
1841
1421
4841
4181
4241
4061
4001
6181
5541
6261
2001
921
3181
3541
5001
2241
5661
5161
4621
4781
721
6221
4921
1101
1341
5841
461
2001
5741
1001
1341
1281
2441
6181
2901
4121
3961
4361
4001
3201
1761
3441
1581
4961
4421
4021
4641
1221
321
2981
3461
4801
2901
5821
5901
1681
5361
61
1121
4801
1081
2461
3541
961
6101
141
5081
1201
4501
221
1841
6281
1121
3421
2381
5541
4901
721
4221
5221
1141
1381
3721
1481
901
781
3181
3721
4581
4301
5961
5661
481
3201
4061
4021
801
2841
5221
2741
3081
761
2721
4201
1641
2541
881
241
3281
2541
2901
1861
3921
4081
3361
2281
4861
3981
3441
3141
1981
3101
6261
6201
3761
4021
1361
2001
4321
281
4741
4841
1061
4921
181
141
1161
4801
381
1881
1061
721
3761
2421
4801
821
4701
801
2241
5581
3961
4221
6141
1361
1581
1041
2821
381
3041
841
681
1481
3121
5481
3841
3301
5621
5021
1821
3441
601
321
1601
4361
2741
121
2621
4901
921
4861
4181
2321
241
4021
1121
5561
5061
3961
5941
5541
2241
4061
741
5381
3241
4581
6121
1
741
1641
881
1361
5701
2501
3161
2161
2621
5801
761
981
1801
2381
761
2041
121
1881
1301
2621
5841
4701
1881
5541
2461
61
4621
5721
2081
4441
3161
2841
3541
4061
1641
2941
261
4801
2541
321
4301
3301
5041
3561
3141
5801
5601
3261
5141
4361
5881
4681
2761
5201
1361
2661
5261
5981
2081
1061
1581
2701
1341
5121
461
2981
5501
4461
1481
1761
4781
3241
2501
961
501
5641
481
3541
41
3061
1601
3381
5181
1801
2281
261
4481
5001
6241
4001
3501
1521
401
4841
4081
861
5261
741
2761
441
6241
4981
1121
6181
5961
5361
2981
3881
2621
3021
641
1661
3841
5821
3481
3581
6081
1661
2281
3481
5661
3221
2441
3521
1761
241
1821
721
4721
4601
4901
4661
3281
3481
4541
2941
2541
1221
4261
5161
1701
4901
4281
5541
1881
1461
2821
1661
561
2541
2581
6221
5761
5041
3441
4961
2721
2721
5681
1141
1021
1741
5801
1741
5221
1481
2141
5201
161
101
4081
1861
2461
2061
1101
4341
961
1381
3441
1521
3921
6041
5181
841
4781
6081
5801
4941
2501
2641
6081
3521
4381
3021
5261
741
1941
1101
5941
2101
4961
1161
3961
1121
661
5081
5461
1621
3901
41
581
1521
6081
5781
6101
2001
5561
5621
4381
1761
1961
4161
2721
3781
4621
5421
4521
281
241
1601
2381
2641
2781
61
3761
3441
2581
361
2521
181
4141
3101
5441
1381
21
5261
3381
5581
4581
1481
4781
3981
3081
1201
1461
1421
341
3421
5441
4321
5021
1521
661
1501
1581
1861
2401
1601
5961
4921
5521
3801
5461
4681
5181
5501
1081
6021
2221
3101
4941
721
781
1721
5661
5981
581
6001
3101
6021
1461
1821
5001
5861
781
281
1421
3181
5641
4821
5541
4861
6081
2141
3241
4961
5081
1761
2121
1021
4861
761
5481
5641
6241
4841
2761
4261
2001
5861
1441
3461
5141
141
3041
5921
421
1901
241
3501
4181
3221
2081
3961
5361
2761
61
4161
4541
2201
2621
3101
401
1801
6201
341
4081
101
2061
6081
5981
3501
3261
4821
3641
3741
1881
1501
5641
2121
5021
961
5341
801
4921
1841
3561
5001
3441
5541
4641
6061
6101
5041
5301
3441
2841
3101
3541
4901
2881
3221
2101
3581
5481
5741
1021
4801
941
4121
621
5961
5081
3401
4201
3721
2701
1481
6161
6141
4461
4501
3361
4261
3241
2361
1401
6081
5461
4961
4681
5801
5621
4221
3081
4821
3661
4121
3321
2061
1941
1401
1721
4461
2241
3381
5621
4941
2301
5481
4801
461
1121
1861
4741
4381
