4645
37
847
2629
3313
1819
3979
2791
5563
1657
5095
2467
4195
2845
703
3241
4033
2539
1819
37
2071
217
4951
415
3097
3727
2971
2395
3565
3205
3727
235
937
2269
2881
4249
4087
4555
4735
3997
541
1873
4159
2431
4717
2557
1
775
5095
1819
811
4861
2035
3457
5293
2845
4879
2593
5239
487
3493
991
721
4447
3259
1297
721
5041
3547
3169
1063
1801
5041
2917
4231
4087
5473
4249
4879
2593
3763
3385
1801
3511
4555
4789
4051
3763
5077
3619
4249
2917
2305
2683
5059
3259
1675
109
2629
5239
973
1405
1369
343
4321
5599
4447
1837
1873
1351
4429
3349
2431
3925
4555
1315
3043
2935
5095
2467
4249
1369
5383
883
4051
2467
1837
73
271
2161
5311
1261
3565
4375
1603
2233
1999
3745
4069
1585
2791
523
4933
5239
4465
1513
4249
5203
4447
3673
1999
721
5059
5077
4969
1135
1873
1135
1207
2161
3295
4213
1117
1207
613
2719
1135
2629
811
2899
4213
1297
1117
1171
865
3277
2683
5131
2827
1459
829
2521
5545
3583
1945
4843
4735
1513
307
3637
1369
3601
5563
2485
2503
505
2917
3637
829
1423
4231
5041
2719
5365
541
1297
2971
919
757
127
2377
4951
2665
5617
577
2305
4789
5311
1513
5095
973
595
739
4231
775
3241
4753
3691
4591
5581
2809
3151
2665
5545
2845
901
1171
163
1837
5293
3655
1909
2269
4015
1873
2845
4015
991
181
3241
3799
1171
3835
4537
5401
4609
2107
2179
343
1027
5473
3151
4195
2467
721
4735
3367
1891
4897
2899
4879
595
4825
1495
4609
1027
4339
667
5383
4537
3907
3511
3403
2071
2377
3133
4375
4501
3025
2413
3223
2827
3277
1747
2989
3997
829
4051
3601
3421
1297
2809
1711
3817
1999
4033
4843
4051
4699
2251
613
2935
109
4015
2701
181
4843
4771
4681
2197
1531
5617
2719
2503
5059
37
829
3583
1801
2125
4717
3097
4951
757
1243
4645
4789
3781
3025
3817
361
3637
1081
3835
1981
1477
4033
4537
595
739
4429
5491
685
1495
2323
91
4897
847
1369
1027
2989
415
4123
5635
1189
3061
4609
307
4537
5347
1837
2611
3313
613
4141
3007
2107
2503
1873
397
955
631
217
5005
5491
235
2791
4735
4447
4177
91
1765
4591
1927
5095
109
2683
4051
3799
1567
1423
5635
1873
4735
577
343
5437
379
559
5005
775
1513
3349
4357
847
3169
4591
3655
5599
3385
2161
37
2845
4447
5329
2287
2269
2341
4033
397
1603
5455
3727
3475
2215
1999
1531
5365
91
2089
4699
865
1297
73
2935
2143
3259
5221
3493
3187
2935
3349
919
3493
2143
577
3475
4411
631
5203
2503
5599
2683
559
1117
2593
253
2647
2287
343
2431
4699
1225
3727
4771
4159
199
55
1405
1405
955
2053
4753
5239
5545
1225
163
1045
3331
4159
577
163
4087
3259
721
5203
181
4357
5545
2485
4699
2305
4879
3619
361
1675
5473
3943
1747
1225
5347
397
3277
4429
5635
3151
3367
3493
4195
1027
1981
4771
1207
3781
55
5293
3313
235
3979
3205
415
3025
3205
5293
973
3583
1315
793
1855
757
2017
4897
1153
5293
3655
1117
469
1351
2323
2359
91
4303
4825
1297
109
4879
4285
3439
5113
2611
4339
3241
3331
5239
559
1999
3151
1873
487
2701
325
199
1927
1477
3187
5599
307
3655
4645
2629
3709
4735
4627
2863
3727
4753
2071
2359
217
4897
2665
2251
163
3691
1819
721
19
2683
2611
523
5383
631
4087
1657
2125
1621
4951
127
2971
3925
451
1027
703
5077
3889
2125
1855
3673
4483
2071
595
4843
2017
757
2863
3853
1477
595
865
1783
4483
3943
2431
2899
5599
2251
4519
4879
2377
1837
847
523
2863
4915
5599
4447
1369
5167
2449
3565
4933
739
2737
1297
1495
5617
2845
2989
3907
1405
4771
2719
5347
4897
5617
2989
1477
4483
5563
1549
4015
739
2071
4573
5653
5383
3349
4735
2575
3511
2629
1837
4249
5365
829
3457
3007
3673
4141
1243
2773
3241
1657
163
181
1621
3151
1657
3799
3043
919
2143
1495
685
1045
4843
3763
2089
3907
667
3295
865
2521
5257
3943
3349
3043
4645
4735
1513
3601
1837
2449
5257
1999
325
1207
2845
5365
5005
235
613
4843
1729
4663
3583
901
2773
3385
2521
3439
1009
3385
289
3961
5023
1351
4699
4015
415
3907
1945
5617
4069
4897
5329
4393
3817
2503
4087
847
2737
2395
37
2161
1405
1315
3079
4177
4699
3295
1945
3421
1009
5617
1711
3745
1297
757
2089
5077
4663
1729
5023
757
4321
2377
5167
2467
4897
3583
3331
1963
325
1063
1837
1729
2377
4915
235
1423
2539
2179
2539
1243
5491
4249
2683
1117
2701
2467
3889
5077
1891
3259
163
559
5635
5329
3025
2557
955
4051
4537
1279
5113
703
703
1837
3313
4303
955
3547
4177
3493
2485
4015
5437
5185
5131
2485
1981
3367
5257
3889
4321
3115
2143
1981
2791
5167
4555
1441
1261
1117
2719
703
5185
1117
235
523
5419
1189
1765
3925
2377
1945
2269
2161
1459
5113
2341
1153
505
1927
2737
4825
5041
4879
4501
5527
2071
1081
1297
3331
5563
1711
4051
5077
523
1981
3295
271
3187
5059
1909
5563
1351
4177
5419
505
3619
2089
5023
4123
1711
2089
973
4465
4663
3187
2017
4447
4267
1027
2107
4177
433
3853
1279
973
181
4591
4609
1063
1675
847
4321
3025
5041
4087
1243
685
3871
595
2521
3295
2701
1189
2089
5059
4375
1801
3835
685
2827
3655
2557
3277
1837
1531
1945
5383
451
883
775
5509
1747
5113
2863
4483
1225
1801
2863
5095
2413
3079
2719
2809
4285
2503
2197
685
4321
3745
4735
4843
1729
4987
145
3565
865
2089
991
4681
685
1765
4519
127
4573
5095
2305
127
1225
5167
2935
3637
2593
3349
775
4573
199
685
2953
2215
4429
2035
1387
487
1351
1549
1747
2215
1333
2737
1243
5383
2215
3457
5509
1117
2881
2143
4627
4123
5023
1891
5455
5311
5239
3943
4213
3133
4627
1495
5347
1081
1225
4447
4933
2593
325
1009
2503
5023
3763
1441
4753
307
4915
2287
4789
5491
2143
3745
3943
4861
5635
3745
4501
2917
2017
739
379
4339
5599
3439
5419
1171
2215
4681
1459
235
3385
1657
5257
4843
3115
2035
5149
55
2035
1981
5545
4177
55
1531
3367
3403
5275
5563
4015
4987
631
2089
1351
559
5527
4465
5095
2071
1171
4249
2305
4555
253
5275
3745
1063
5005
919
4483
1369
595
4357
5545
667
217
937
1765
3187
829
109
199
1459
2197
4915
5401
5437
3709
2521
1837
2575
1117
1855
1477
4735
4825
2917
3493
4159
1531
2305
3241
2143
4357
3115
505
2287
1765
2269
3169
2593
73
1081
1765
5635
325
1495
5401
1747
1711
4951
4321
523
4501
3493
2953
3655
4105
775
5509
3349
775
3079
3187
5149
3907
3691
5131
1
3655
2629
2593
1423
3709
2053
1387
1747
3547
4501
3493
2971
3781
5509
3493
2611
1045
4159
595
5149
4933
3799
2827
55
1225
343
2899
5131
1729
2359
2827
5383
2683
5419
4501
739
5185
235
181
757
4735
1369
3727
541
1207
4933
3151
2251
3421
1441
1747
2683
5239
2269
433
4159
325
1027
3619
2053
3385
775
5149
415
3907
3979
4519
3421
1909
2395
1873
4339
3763
5617
2575
4969
4879
3421
4933
2629
4861
4375
3007
2143
973
1153
631
4663
2179
1963
1063
3277
433
3907
1387
2035
5581
3601
3151
5203
325
5041
1567
4087
2683
4159
1081
1891
1909
343
2215
4483
4717
2917
955
3403
1765
4951
2395
1657
4609
1153
4933
2755
2755
4015
4789
379
5311
5653
5581
5635
2719
1477
1747
5401
3331
523
4987
2953
883
1531
1765
3295
2143
415
4393
3925
3061
4501
5581
2017
5653
2539
4771
451
4249
1585
829
3889
4933
739
1549
1981
5581
3295
1711
955
1513
1027
3907
2395
253
1
3403
2413
3781
5491
4033
1171
4321
3943
883
4321
4177
3349
2467
2755
4951
3295
973
4213
1729
2521
541
5005
3511
5617
289
5023
991
1891
5131
1243
5257
559
1351
3367
379
5383
2251
4717
1351
3133
1063
3223
829
3529
307
3475
4519
4645
5383
577
4861
3619
3277
397
3583
1279
3133
2269
3169
2593
3511
2773
847
2575
3835
1225
5653
415
3637
1351
1261
4699
4573
2089
253
2593
3259
2467
4933
2971
3043
4141
937
4033
4537
2215
5311
1999
4483
2809
2287
19
3277
3133
2593
1459
2071
2593
5239
37
1639
829
2449
3907
613
397
4195
3871
2881
3475
4555
3619
5311
5491
1981
1873
5401
4987
1585
4213
2143
3871
4231
3115
4717
1171
2269
4483
1459
1855
2215
3097
379
2359
4699
4375
2773
3241
2575
3349
1045
1459
1297
685
4645
991
2557
4375
307
4141
613
145
55
4861
3277
2467
3727
3241
1279
2881
2791
1189
307
3187
3565
2701
1891
4033
271
2161
1711
4681
1333
703
3061
3673
1693
3331
91
5383
5167
703
5527
2917
3259
829
5383
1315
4087
4357
4195
4573
5563
2197
5455
3457
4915
1675
1819
2881
1549
3529
1909
577
1927
2665
1945
3637
325
2035
3349
3205
451
901
451
3709
1747
181
5041
3529
4537
1261
2431
2125
3475
2233
5581
415
1603
5095
991
847
649
595
1423
2593
3277
3385
3925
1297
3115
1603
4501
3565
199
4969
1621
1945
5149
991
3169
1711
5617
5617
3853
1117
5545
1459
1531
1477
901
2539
2341
4915
829
1459
1837
4105
2539
91
5419
1
5059
4249
3565
5275
1243
5185
4915
721
3871
2431
145
3835
73
1693
4951
5617
3151
4195
4789
1747
4429
4825
1009
5257
631
2845
1405
3169
649
1153
3169
37
3097
4447
3007
4357
3961
5635
2773
2179
91
2917
3709
163
4609
685
3475
5473
4879
2593
1549
1333
1765
2557
937
91
3115
2341
955
3763
1189
4141
1495
1981
2917
2215
4033
4573
2179
1153
4447
2269
1765
2485
127
4087
3187
1297
1585
91
1585
3133
1441
3349
3403
2377
1135
847
2413
2107
2305
1297
3943
1495
3277
4555
3709
1657
3457
3583
505
2251
3547
5635
4735
3673
1747
5617
2665
3331
55
4267
811
1495
5311
1909
1567
793
451
1675
2899
2755
2971
1171
4249
3943
55
1
3295
1207
3583
1495
3457
1477
1477
235
2845
3223
3547
5527
901
1297
1819
5077
487
1459
1315
2053
2251
1765
1423
2845
2215
2089
1711
4159
379
5131
4159
3673
685
5455
2881
1837
4627
4357
5437
5167
5275
3331
2719
505
4627
4537
3277
2827
343
2287
4879
289
1747
4015
3151
3961
433
4861
163
811
2035
2017
2197
2719
1801
5077
2251
757
1459
2035
271
1063
3061
685
4951
5383
5239
2557
2539
5581
4861
5131
199
937
3475
1045
2611
3907
3619
2773
2431
5653
4789
2323
397
4303
5095
2647
2755
4249
4681
721
5311
2071
1423
2287
5167
991
4861
2035
4267
1747
1495
2161
379
4969
3223
2989
919
1171
3457
1045
4519
289
3367
4915
4591
487
1891
5041
4735
4285
109
2071
685
1531
4375
3547
2521
3565
5599
1117
3007
1423
3277
3385
739
4195
4087
5023
5365
5239
397
4213
5527
3763
3457
2143
1945
3061
1531
1009
1675
1639
3079
55
3169
5149
3619
3385
739
3547
4501
3745
4969
5473
1477
3403
4015
3259
2755
1405
2827
3151
3331
2701
4609
4483
2539
883
1873
4069
5257
1243
3403
379
1315
901
5527
4933
1981
613
505
4177
2053
3169
3997
3529
919
37
1117
1369
4807
3961
2233
163
4357
1171
4663
1225
5437
4231
3007
2719
3187
739
3097
4501
5023
667
1459
1333
4645
1963
5527
1027
2827
1549
2269
3745
4951
3385
2827
4087
5041
5059
1963
1423
3925
955
2665
1387
2881
1
4123
397
739
4915
2593
91
3277
4051
4807
2251
3709
4663
991
883
3907
3259
2323
3187
4339
5149
4969
1423
2233
1261
2845
505
5581
5509
5257
2809
3205
1405
901
1657
667
3511
5113
1639
5257
4249
1603
1009
3241
2593
1891
4843
3547
1909
2359
2215
4771
1675
3637
1333
631
829
5203
559
4033
4807
1063
4951
541
1963
937
4573
3169
379
559
2773
4645
5527
3781
5581
2449
3367
2467
325
2971
4825
235
2071
4195
3889
3421
4843
2413
649
5401
4141
5455
793
3421
343
451
4357
2611
3637
2449
865
4105
4789
721
5581
2395
3169
973
4861
1189
3943
1729
1441
361
253
3025
1477
2791
5437
2125
2521
3907
1927
1009
5041
5635
1477
1423
271
2809
3871
1153
1243
685
1873
4519
3097
2755
5491
5653
3943
3763
1711
3079
1819
5347
433
3295
2467
3565
3133
2701
5185
2755
3709
4555
2719
2881
307
685
3385
1891
1837
2323
2575
3727
1171
3367
811
4357
1063
2449
2467
2773
5545
1981
145
3673
5293
2629
1585
451
3025
4465
3205
4429
3349
3619
5023
1351
4303
2737
3241
487
2773
3529
1909
3943
4591
415
343
5653
2863
2809
469
433
2485
613
1819
5473
937
3403
253
3961
2197
3457
2737
3241
1405
2089
4591
3421
2521
5545
3907
5293
1099
3511
1279
19
3925
1621
19
4483
2125
487
4933
4609
4465
4447
4429
5419
2179
4681
1405
2071
181
4141
3007
1585
3925
1927
2701
793
5167
937
3781
595
2143
5059
631
397
1009
4015
4897
3133
2197
1855
5455
991
631
4213
4105
505
3223
5527
271
1099
1693
3277
397
3331
2899
3097
4123
109
4051
2233
703
3889
5005
4699
4303
343
3043
1225
1189
5239
775
973
3943
4771
2881
73
2971
3799
5599
937
4915
5005
1909
5311
2665
2503
2737
4483
2611
4483
4411
1027
2719
3745
55
1351
1801
811
271
685
3745
1045
5023
2017
3511
2233
2107
811
361
5401
1747
5275
2431
3655
2611
2791
487
5365
1603
811
4177
3727
1837
4591
5167
1891
3637
4663
2701
3907
5347
793
2647
2395
505
487
4627
307
4663
2701
55
4105
1
181
5455
2629
2989
3655
19
2287
4465
4195
343
631
829
3223
217
4465
2215
631
2719
5275
4789
3061
1999
5293
1261
4339
3313
253
1369
1063
2071
4735
1243
1855
1693
4231
5509
1711
865
1999
3619
4573
325
2143
2125
3925
937
2053
4555
1351
1657
1369
4429
1351
4357
19
19
1999
3637
4753
3061
37
3835
4321
1909
3223
577
5113
2647
1441
4825
3961
361
5149
433
181
3403
1369
2233
5653
2737
3889
1351
4861
2953
55
4879
667
5419
2845
5437
2827
595
1297
4843
199
2215
5419
3007
4861
1207
2161
847
4933
5023
1279
2809
451
361
5059
451
793
973
5167
5653
3925
2917
2557
4609
2683
5401
2071
3205
3691
1063
2377
3889
3277
2125
1243
181
1027
3403
1027
3655
451
19
811
919
379
3565
4735
1171
2233
4231
4519
3871
4861
1405
505
5239
4501
2575
2773
2539
1333
5149
757
4609
4969
1999
4789
3709
3115
3529
1693
3565
3547
199
4483
3925
1459
1243
2791
1405
5491
1639
5275
2377
3043
109
1945
1873
379
2413
4411
1711
5257
2881
4015
4555
2575
3151
289
19
4375
5365
1297
2251
3259
109
505
4735
4735
3295
469
4555
2629
3439
4627
1
3547
4267
5239
1621
1009
3997
1027
3961
4573
5041
2845
1477
217
847
1513
4591
541
2809
1171
3799
613
5041
559
5347
361
1027
1927
2989
2161
4249
685
37
2845
271
5023
1549
1963
379
5509
865
5437
397
2341
3349
1243
1549
2287
1783
2053
3457
3277
379
2845
3853
55
3205
2575
5365
3907
4753
3943
4591
2485
4501
4861
1855
379
4519
5599
235
5383
3061
3997
5437
757
5239
4681
3043
4717
1081
829
2323
1459
1369
3871
4879
2287
793
4573
523
3241
559
2809
3421
2755
5383
5275
3133
4231
2917
1063
1657
307
5059
4789
1063
2323
3799
4105
1369
4879
2647
1405
667
1711
2971
5563
1693
1459
2161
2215
4699
415
2737
2467
3169
2449
5437
4015
4375
2683
2773
361
703
5545
2845
1765
2197
991
3583
1279
199
559
379
4249
5635
3349
1837
1675
4825
3997
1585
1549
2125
4321
1711
5293
4465
4861
1333
3187
5239
4123
1243
271
3997
4105
2053
3889
5095
5635
5167
2989
3889
5545
1567
3853
937
1099
5527
91
5113
1459
5005
4933
3475
1063
2251
2287
3619
3601
3169
3187
2053
4411
3475
3745
541
3223
1963
3331
3187
4843
667
4771
4717
5599
2953
5653
1045
523
3439
3853
5347
487
3115
3151
1549
5365
5437
2863
991
2935
379
739
5059
3853
4483
5599
1405
4159
3277
2287
3331
1639
4753
73
4933
5419
3439
3673
271
4573
1855
5617
5059
2665
3097
4303
73
577
1495
1063
3511
1891
1819
2899
3439
3997
541
4861
181
1513
4843
3511
847
1639
1297
109
1387
4735
1495
1657
3637
1045
4969
3043
3727
91
1675
1495
667
3187
253
1891
2773
5437
4789
541
3781
3025
3097
1657
4537
5653
5185
5383
1621
811
3205
3007
3241
4699
2359
1207
73
1657
1945
1495
1747
1333
2989
127
2215
3259
2017
4987
721
4501
5527
4501
1873
2971
3871
739
649
3385
3835
2269
1891
1369
5275
2827
3763
5329
1729
1531
1315
3691
3043
757
5023
3727
4249
1567
4681
595
883
5419
5113
4105
1945
1315
4771
145
5419
5419
1225
3583
2017
3115
2647
4987
3637
4105
4645
5383
5653
3655
3403
3025
2125
451
1081
703
2017
109
1315
595
3223
4123
2395
5167
5437
1513
5329
5185
4627
883
811
4357
1711
1153
3673
5347
5275
361
5059
5257
1711
487
2611
1531
937
1387
2251
649
4861
1261
4609
2413
5383
4717
1927
2845
3925
4951
55
2881
3529
865
1567
5239
2035
2953
2629
1639
1009
5383
4591
2719
217
1531
1963
4519
613
1909
2881
5491
3169
1819
2233
577
865
1855
1117
4789
1135
1171
5383
4681
5419
4645
1945
1783
1927
2269
1117
2935
1999
3403
3367
5581
4933
5329
4429
3241
4933
1639
3061
2431
1171
3007
703
5401
2557
1819
2233
3709
685
1945
415
433
919
55
5581
559
2341
4393
3493
4339
2125
4555
4249
4753
1909
703
2341
1171
55
3097
1297
1225
433
5365
4321
3007
4879
883
4411
5581
2827
2521
3709
1459
2575
1333
2017
2611
55
3205
1279
5563
5473
3223
4645
5077
1639
4681
595
1693
2125
5257
613
253
4969
4933
955
4177
163
3061
1783
685
5581
5509
5509
199
4537
1855
2809
4591
2773
1801
4483
271
2719
1171
5347
4357
181
3637
379
1
3241
991
271
2539
271
4591
4411
3799
1999
3907
4483
5275
1441
4339
3169
307
3889
325
4897
991
5491
1423
4627
2539
289
4321
1243
469
2287
4987
3853
5527
325
1819
91
3961
739
2215
2089
433
451
4267
55
1891
2935
3223
5563
4537
1243
2485
3223
1063
3907
2197
3619
4195
847
2557
2377
829
1873
559
703
5563
73
4159
3853
811
703
3637
4627
4519
2251
2377
4105
2881
3295
3997
1747
4555
4195
2683
3313
2431
4879
4627
4339
3421
1513
4411
4249
1099
2665
2647
991
2737
1153
2557
1243
5221
3889
199
1783
3835
271
217
4429
3583
1927
505
163
451
3187
3475
577
91
145
2611
3511
5023
1351
2107
451
1711
4753
4825
4447
235
1711
37
3169
3295
3601
4951
1477
3889
2863
235
5167
2485
4105
5329
2935
5005
829
1225
5095
973
1531
649
343
2899
2755
4159
4609
1837
3313
1099
5455
2719
4501
649
361
127
3295
5203
4015
487
3133
3511
2989
1567
865
3619
4267
1711
2539
3709
379
4087
2053
4087
4681
4807
2593
1315
4339
3601
2413
1819
4033
4609
163
4393
4753
3457
1621
793
3961
4753
2017
4645
4015
2881
289
2629
4591
2845
4033
2683
1261
415
1099
3637
2917
1387
4951
1585
5005
5077
1117
3367
4015
1279
5455
793
4753
1405
1603
739
3853
3619
5383
2197
829
1
4825
3133
541
883
3511
5167
1297
4609
3133
4213
343
127
3511
3043
5203
4627
4105
1243
235
3889
2053
2683
2989
3655
3421
1171
4969
829
1063
3493
4213
3601
4321
4753
4483
2161
1963
127
4483
5095
2035
2521
2917
5545
5563
2449
4501
1693
1405
2449
5581
3457
5131
595
4807
595
5131
1801
1423
523
5293
5635
4123
1657
2431
2953
1513
4393
775
325
1513
2809
2845
4447
397
433
4591
4897
2125
325
5041
5401
1477
2215
325
3979
2809
5455
109
1927
3691
3115
5275
5509
2467
2035
487
3979
4123
1261
4321
5635
1783
4861
2107
2179
3007
4411
4771
2827
4735
4159
2575
3925
4069
595
5599
1207
3763
55
829
5149
865
433
4987
3331
2467
5491
1639
4285
1081
3655
4267
559
559
4069
2737
3565
2809
1855
4087
5257
3709
4357
3511
2107
4969
3439
1009
757
1189
1837
235
5419
2287
5221
775
2449
2737
2431
1081
3835
3781
3043
4393
4339
1441
4843
5599
1963
4393
4033
1549
2431
2719
2755
2233
5383
3889
937
469
5095
469
4069
2539
451
1333
3331
2917
4069
3457
1693
2233
1567
2431
4339
3619
1567
1207
3547
3529
5599
1909
5077
55
4645
2161
5653
4357
397
919
2539
3187
1387
937
55
5221
2269
3385
2467
685
4537
1855
613
451
4285
2647
4069
3547
3853
5311
1423
1477
1567
829
4897
3907
703
4879
289
4465
3493
2827
1981
2593
1477
5401
2143
1441
829
2305
2125
5365
4159
451
3511
469
3097
5275
4015
4663
4933
3133
3835
4195
1675
3079
2431
2377
2287
415
4537
127
3259
4213
2719
2431
3943
2557
3871
2467
4861
3709
2179
1045
4159
3385
4879
4951
3007
919
1639
2269
4069
5491
793
73
2899
919
145
2881
1333
4681
703
2287
3223
1117
4717
4861
3673
631
1675
2863
4339
1549
3907
523
2629
3115
3169
5635
4051
2521
2233
145
2341
721
217
2935
1639
3727
145
685
2737
4231
2971
3655
5347
5401
541
3367
3727
5581
559
91
4825
2179
613
1801
2989
1477
1765
4735
3997
1711
4879
4033
2431
5095
1297
1783
3151
4825
163
3583
3385
829
4933
757
3925
5491
4123
1981
5401
2395
2071
4573
4573
379
703
5257
5239
163
4339
3565
1873
3547
5311
2017
685
937
1495
1531
3457
1657
5131
4537
181
4393
5311
4123
1909
1459
433
1657
3853
217
3925
451
595
2323
55
3529
2485
4393
1441
2071
2269
4447
4087
2953
3079
3277
4501
883
4933
1657
3115
5113
3745
451
1261
1
1927
1711
5023
109
1927
3277
3943
217
5599
3997
3763
109
2719
2899
2179
2683
1675
3961
3349
4753
1567
5545
3331
4195
1531
4159
3655
5275
4609
4915
5275
865
4321
4627
4357
3943
5599
325
1873
5527
4321
5635
3349
4735
559
5527
5113
5599
3835
2791
4681
5401
2665
55
3943
1891
4213
5293
1513
3151
2233
4483
1729
4267
1153
3781
2539
1081
4105
4411
4321
451
2071
5365
2881
2629
5221
2323
253
3385
5131
2647
829
5491
2701
2467
1729
4609
2089
937
5455
2017
3115
1513
613
1963
2989
865
757
4789
5275
5077
5239
5059
2467
2449
5383
2017
4789
5653
3115
1945
2629
1639
5131
3025
4105
4555
1963
3889
3187
1747
235
649
973
4231
307
1657
5095
1063
793
4699
3835
361
1783
631
523
1513
2665
3007
1495
3475
2647
4123
5113
5473
1477
3547
4375
1135
1765
5257
2881
5365
235
1549
3925
3925
3223
3349
4987
4015
91
3169
2071
1873
3799
289
1081
793
3295
2575
4267
3637
4393
3709
3457
3565
4951
5527
4699
4411
5113
5293
4123
3061
1171
2377
1315
4393
3439
631
433
1225
3799
2521
3097
1945
2809
4195
433
3817
4465
2413
1783
3205
3817
5239
4465
3115
5095
1207
1855
2251
829
3673
5311
5365
3763
955
4105
1531
4951
4537
2755
3097
4753
3547
2737
1909
2071
3169
55
4249
5581
1837
5149
3745
4789
3943
4555
1909
5149
4105
4159
3673
2125
3799
3385
217
2449
1819
1747
1747
4051
2197
4843
3151
73
5275
2755
5527
2773
2809
4105
397
2341
3583
1837
1459
5221
721
3385
4717
4825
5239
415
4645
3385
3799
4861
3529
3313
4303
5275
1711
829
2143
2557
4285
1747
5311
4141
2233
145
271
2629
2485
1549
4465
1657
1099
2881
2737
3511
5401
2305
3943
4393
3385
2071
1279
1261
5401
5599
865
4807
4123
721
1693
433
2467
4699
4573
4699
2539
2539
5023
5023
4087
1513
4375
5203
4393
1441
3043
1837
1459
4681
559
4843
1099
5203
433
4195
2827
4681
3331
1297
5401
2719
1729
5563
5113
4015
2305
1981
883
1657
4699
2683
3187
3421
2215
5275
2557
2953
1441
4015
1981
5365
901
775
4915
4699
4969
2071
1405
325
1063
4501
739
505
4411
181
4519
4411
5527
3097
397
4555
3475
1279
1
19
4267
271
685
3403
4285
361
3115
2881
1135
2359
1927
3799
2125
3331
1819
3205
2179
2557
3709
4285
2737
253
3025
289
1045
1117
4843
4537
109
2557
2251
4375
2827
631
2107
4807
991
2917
2035
5491
5275
3961
1315
5113
4987
3133
2647
4861
19
685
3475
451
4303
4195
739
5347
3025
3295
1909
3133
181
4177
5203
703
4807
5005
5509
3511
2269
1873
3331
5239
3529
2359
4681
2863
5491
5023
5419
3223
3403
3241
3673
2035
5131
2125
1729
2485
3115
1333
3313
991
5509
541
1693
2359
5563
1531
199
5527
3421
1225
2791
1279
3583
5185
1837
3421
4537
1603
4339
2287
2539
2341
4321
5365
2161
3745
2197
2971
5095
3205
3961
2629
3763
5653
4987
3655
1531
2881
1207
2647
4123
3997
1621
2035
3511
3475
3151
91
5077
1819
2377
5311
1873
4393
5005
1729
2485
4897
4717
5275
2449
3007
2233
541
703
4933
1891
2233
2143
3097
2575
3961
4789
4195
3709
343
1999
4555
433
4771
721
2809
2107
289
4897
1459
5383
5077
685
2125
4681
829
2845
4627
4735
3547
1585
955
3475
1423
1747
379
5401
883
4573
3439
4591
4285
2323
5023
1081
739
5527
3205
4393
4753
4663
1819
4177
3043
3943
883
1585
1117
5509
649
4663
4789
1621
2467
559
1063
541
289
5311
2827
1423
4231
1441
1441
3583
2521
5563
1135
3421
4285
235
109
433
2107
865
2089
2989
2449
3205
541
3097
2215
5329
2413
2377
3583
3493
631
1567
3133
3457
2989
5077
2593
2143
685
2809
2035
1837
577
4015
5437
685
2161
1873
1549
4249
2557
1693
1783
793
4807
1693
3835
4915
4087
1747
2737
2413
3331
3583
199
4015
2989
2791
487
1369
3295
217
3205
3871
4249
667
2269
4105
2539
1513
2683
2809
3223
4465
3601
55
3871
1765
4969
5653
1225
5419
2395
4555
3331
2593
595
4015
3079
4465
3079
703
4681
631
2287
955
1297
2251
5059
1549
3763
2071
4357
4681
4249
5653
2431
2449
1765
1747
2431
2989
4861
2521
5239
217
5113
3529
4231
217
2323
1639
4285
4717
5635
4267
1
4645
847
2773
523
2323
2539
2575
4699
1117
2557
1477
1261
2017
919
1387
2701
109
3907
5635
325
1045
3511
2251
4627
163
1585
3259
4879
4933
1855
2593
3907
415
5365
2125
2737
2233
2395
1765
1063
2647
937
19
2377
1855
1423
2773
5329
3025
2755
3349
4087
595
5599
3043
4123
4897
3997
1045
4159
3565
1333
91
3979
1027
5581
4411
955
2305
3871
2017
2647
4825
2053
5023
4375
1171
2143
4051
4195
2593
1729
307
883
5041
1063
5005
4267
2755
3745
451
649
5077
3907
2323
3799
3817
1063
4771
3817
4951
4483
4159
1801
4231
1225
505
5401
3367
4555
3943
3655
3997
1945
4537
3367
3007
1567
5329
109
5329
109
4123
2431
1711
793
3943
3223
5221
739
1369
4501
5221
3223
3997
3799
4447
4519
1225
5509
1099
2863
3493
5095
4825
2359
487
5527
3943
145
3331
1297
3619
1801
1423
5329
289
5365
577
5509
433
1945
2053
3367
2881
379
4861
1657
2593
415
1513
3709
3295
5005
829
2449
1711
1333
1
3349
4843
3349
2341
2809
5149
3763
163
5437
1171
757
2971
4969
397
5023
361
3277
3115
5221
4951
37
5653
4159
3745
973
3493
4591
3421
2899
3619
1117
3943
2791
4465
613
5599
1639
2089
3475
1405
3259
1927
2089
253
19
1441
631
3313
4555
3547
289
4609
1225
2143
379
2197
5635
2665
3313
577
613
4447
4519
3421
3241
5149
1045
4897
1567
2215
3997
2521
4141
415
469
4177
5239
4465
5185
4123
2359
3169
757
3583
5311
4519
127
5275
1513
3439
3547
2143
5581
2413
3259
3169
1891
4303
91
1153
865
4087
3673
2701
2215
4141
1207
1783
649
721
3601
3007
1585
2071
4285
1225
919
4411
4213
127
5563
2089
5635
3169
4501
3223
667
4087
5239
4123
5239
433
2557
937
3133
2467
2791
2053
4249
3439
469
5545
775
2071
1945
5059
991
559
1513
5203
4069
4771
1639
4033
2269
3835
1603
649
2269
1171
4771
5203
4969
5023
487
127
1819
3277
5545
3763
1045
361
1351
5185
127
991
2269
1117
1567
3781
667
3331
577
1
1693
2863
3835
991
1207
3799
2161
307
3349
4825
3043
3835
2665
2557
1441
2539
667
181
2899
2017
5365
3025
3007
5329
4159
2269
3457
2521
5599
1729
2521
5005
2287
4051
325
3493
2197
199
1513
5545
5023
4555
1405
2017
4807
541
4573
5473
721
5167
5185
3781
2539
235
3439
4393
199
4591
1243
3511
667
1459
2845
2953
5509
3169
4159
2035
3367
3367
5275
433
2251
1009
2449
4753
1549
4717
2269
5635
4231
1783
1441
4465
5383
2593
3187
3295
1513
4429
1135
5545
217
1675
541
3421
2539
2395
5473
3619
91
2773
4051
37
3799
4195
4789
3043
955
1387
721
5185
883
2161
3979
595
4753
4861
1585
3979
1315
415
1549
4897
2089
5455
2647
2341
2179
145
289
2269
2935
2035
2305
4429
559
1441
5167
4879
2827
217
2089
1405
91
3763
2017
2539
2953
1297
4213
4267
1729
109
3493
3817
5563
487
487
2089
3997
4141
2053
1261
505
4375
19
4447
3511
5203
3655
4033
3115
91
5455
3205
3853
5167
91
4519
793
4303
3115
2521
2107
4321
4051
5383
2503
2233
5167
829
721
1549
2107
1225
3619
5491
1
1459
2719
1369
5509
181
4825
2989
3385
703
2485
1171
5221
973
3187
379
1207
5293
4699
5257
5005
1531
1819
4501
55
235
397
2161
1477
4015
1999
4843
3187
2413
3907
3025
2593
3061
3709
325
3781
523
4861
1027
4861
2377
1405
397
2017
433
5653
4717
5329
5185
3565
5401
5419
1657
5257
4591
3367
4951
3781
883
1711
2017
1603
4303
2791
5311
2323
4267
3529
1531
5293
2737
3907
1045
3133
3619
4843
829
2683
2215
343
3943
1945
91
5599
1531
4699
3295
4195
505
4195
235
217
127
4537
703
5455
4573
4969
3313
433
2305
3745
2035
1045
1225
3367
217
2053
3745
127
91
2017
2071
3547
1945
1315
271
2935
5509
775
1459
3439
4375
4969
1
5077
2449
4573
2089
3457
2701
4393
1549
2449
3133
469
145
1045
217
3889
1189
307
3601
955
1549
5545
5635
1837
505
5473
307
1981
937
4681
4645
955
1801
1423
5527
1585
4879
2575
3673
757
5023
1135
4591
2863
2179
4807
4447
1063
5113
2377
2035
1009
5617
1999
541
451
5185
847
127
451
3241
4771
1405
2737
3889
1279
2017
3115
1549
19
1567
4267
1153
505
4825
1027
5311
3601
2107
2467
3673
4141
1171
1315
3835
5077
5131
3349
253
2971
3817
1189
5437
5221
1621
3673
4195
3637
1117
73
3655
379
2035
2503
4249
1189
1243
3907
2485
3349
4069
487
5185
2935
5167
3349
2341
4645
4411
289
1945
2557
1495
1711
5473
3115
3079
1711
4465
1891
5149
2449
2287
1531
2665
865
415
3907
2467
2917
1585
4231
1099
4465
1495
613
5509
3835
2953
4249
4141
2593
4501
3331
1999
2017
4141
5095
3727
2935
4681
901
3097
1297
127
91
5545
559
1693
37
1171
3277
4285
2269
5437
3475
577
5275
5023
1225
1567
3493
1513
397
4519
3529
109
685
649
1531
3637
5329
2449
4429
4339
271
2215
4213
829
3907
1945
5365
4879
3925
1981
4645
1747
253
1945
1099
4861
3511
2287
703
1621
1135
4231
5095
1819
2575
973
3151
2251
1117
5275
4285
1387
1819
2827
5599
3421
2467
5293
2629
739
4969
4969
2485
2935
1261
1279
2125
2467
3565
2827
1783
2395
4771
1225
1909
1675
5563
2773
1621
1009
2377
235
91
1909
757
19
5329
3241
3025
1
1675
19
4969
4159
2953
559
5437
5077
739
1027
5617
2521
3421
4717
1441
3025
4087
1333
127
55
37
217
3655
145
2125
4429
3529
5149
5365
4249
5149
1369
4285
4465
5527
1567
2719
2989
4357
3457
4015
1999
3691
5131
1045
2827
2485
5131
4177
325
2881
1909
541
883
5419
2665
5311
3295
2143
2701
5239
1639
4069
3853
3799
3925
3133
847
4609
5185
2017
649
1513
3403
3475
2557
559
289
5383
2431
3979
307
4357
4519
1189
4105
1513
4195
5095
1369
1225
4681
703
2989
2863
4501
1243
3691
3043
3547
3205
5059
4195
4717
487
1999
4969
1063
5653
2395
3493
3979
2701
2179
523
1585
3997
5419
3475
3421
4483
2395
2431
5185
5383
3007
1711
4321
4393
4753
2197
1945
1855
4087
4357
2341
3781
