4064
1684
3520
2109
3367
1990
732
256
1072
3282
1242
4047
273
3282
2007
3401
5084
443
3299
3809
3605
664
1616
4863
2058
3384
681
4115
4744
188
2330
1293
5050
3673
3401
3061
307
1956
1157
1378
5254
2398
86
3350
3503
5271
1395
3231
375
2534
1684
1803
1021
3299
1310
3078
4523
5169
5016
1735
3180
1990
851
2891
307
2092
596
3792
4047
1752
5186
1769
1973
3095
5118
120
3010
4353
1174
1208
4710
2857
3010
375
3996
2143
1276
987
1973
936
545
2976
2925
4591
511
1055
1327
4302
2670
3197
3877
2500
2806
3690
3418
392
3809
4268
4744
2823
120
4098
3503
970
2296
2143
3112
3571
953
2908
4506
4693
545
5254
3928
1055
4132
3078
3180
1463
919
1718
1786
3724
52
5220
4132
1684
4132
1344
4506
2075
3282
2670
868
3401
2636
3996
1633
3605
4727
3962
766
5271
1701
4693
4166
477
2415
1990
5118
1157
1531
1565
2721
1582
4608
1497
3282
1208
664
256
3282
1769
2925
4166
5186
3401
630
4642
4829
1
3248
239
3112
4948
2755
1922
3265
2993
3911
3027
4149
103
4591
1514
4863
1667
834
613
2874
4693
885
3996
1106
1633
630
936
5033
4438
3401
4506
2262
1310
4744
18
4081
5322
1939
1990
2959
3690
2857
1769
1616
5271
1106
4302
1599
1956
4931
2296
1293
3639
936
222
5271
4744
4353
2789
3826
2398
5118
749
1531
4523
3945
273
2313
545
86
5288
2058
2942
4880
3673
2874
630
2619
2296
409
18
4591
4880
3656
3367
5118
1412
2755
4115
2024
4421
1157
1786
2993
2704
4132
1582
800
1106
5305
4064
1038
2007
1667
562
3503
2364
4370
3962
2483
4795
3979
1718
4319
120
5084
4081
4710
324
664
1378
2568
5016
3163
3384
188
5135
2789
987
885
2755
5050
5101
2585
4540
3486
749
4727
2500
2534
1854
5118
1157
3588
4098
4455
1140
647
3809
4642
4506
3010
5033
4166
834
3061
4353
3792
511
3163
4676
1089
2857
2245
3673
5237
375
2245
4608
698
4778
1123
477
3775
4710
4574
2874
3673
3044
4523
2976
2194
2177
2653
4183
834
3554
3180
4625
1888
4166
3945
2976
1684
4013
4472
4744
4387
4557
3996
5101
1803
5118
222
3401
2296
2619
4115
630
3486
3282
1429
341
3282
1905
2347
4132
103
3367
3401
5169
2177
5186
613
1684
3843
2925
1072
715
5305
5084
460
1752
4846
3860
2993
1803
4302
1752
256
2432
2857
1684
2772
783
3588
2959
2738
1531
970
3979
1344
3146
1633
5152
4846
3299
2721
562
4013
2670
290
2296
2245
2976
3979
5237
2602
2925
1633
2857
18
2313
2364
613
936
3775
3571
3673
5305
4540
120
4489
2347
1752
4285
5016
5067
1650
222
1548
2143
3707
1684
4387
4506
307
4285
4931
3248
3741
2432
3265
715
2619
1701
4829
1038
5288
3146
4183
2296
1106
3316
2466
2857
69
2126
392
4897
188
5135
1684
1718
1463
715
868
1769
2823
443
2840
1225
698
749
5118
3316
290
2415
2177
222
205
1004
2517
4489
2143
4999
2007
2211
4948
2398
4931
5135
2177
4438
1497
1463
5169
188
3248
460
3809
732
4863
4506
4676
2449
290
4965
4863
2483
3010
2908
1310
171
2041
3469
2993
4047
3503
2602
4285
919
205
4285
1
4897
409
2993
5084
1480
3469
1378
35
2976
528
2534
86
4013
5322
2772
4319
2976
324
273
987
2381
1565
1803
4251
2908
4404
1004
3826
2449
5305
3826
1990
3537
1480
4897
5016
2772
919
2874
3571
4642
69
1480
3299
35
4268
86
3027
4591
3537
1837
4795
2942
3639
1531
494
528
2534
2143
2976
307
613
2789
3843
5271
2330
1327
2687
3265
4217
4098
375
2109
222
3673
2143
4489
1582
2993
1565
5118
2653
4183
2704
953
358
1021
4659
2908
3163
2279
3214
1616
5067
4897
1531
5220
868
2058
953
2908
800
1327
5016
4200
4999
4999
3350
4404
460
2738
4183
3129
1565
4710
1905
5118
392
1208
2670
3554
1310
3707
5169
1021
3248
4540
4064
1956
1242
5033
4863
5220
1004
2364
4064
3843
2007
5237
2891
2466
443
1718
3418
5203
4268
5322
4965
4659
4353
103
681
307
3809
3690
4506
4897
2874
3231
1497
1939
2908
1004
4982
3911
3367
1514
2398
3197
4591
3129
3503
5033
2670
4744
2704
1582
2551
2313
4064
1548
2415
4761
1871
4064
3095
1021
1429
3792
2075
2925
375
4982
1752
3180
1378
2959
4693
1599
800
3928
4727
2126
1446
5237
1531
4149
1463
4081
1123
188
273
1361
2772
5322
3248
3690
4183
4676
2126
902
69
324
3724
1837
3503
5101
2619
664
4523
3418
4608
3911
205
3877
3792
4914
2670
3078
3639
1616
1089
3911
817
3860
1718
1888
2194
545
1225
2143
1446
4472
290
5169
4132
3792
2738
1395
4472
1922
2653
1548
3656
681
69
2092
239
562
2993
3877
2194
4098
256
834
426
1973
2721
460
341
1769
2602
1803
902
2908
4795
5033
4523
2194
4268
1463
4115
1565
834
2415
2245
4081
2330
2483
4659
3146
4183
4676
1888
4438
154
2330
4251
698
2789
4591
2483
3214
4217
1208
3945
3673
885
3129
3690
2976
2415
2449
4540
3265
2687
1429
5169
2840
3911
4472
630
2738
1616
358
5016
1769
2687
1735
2483
3299
970
2789
4336
5203
3996
2942
1344
2704
3894
5033
341
953
5305
4880
2041
2636
4149
1871
3299
528
4166
1752
1106
443
2109
766
35
2619
2500
341
562
1293
3129
2738
4319
4948
324
307
2313
4217
3163
477
2993
3112
3180
2874
3571
1973
4744
1514
2517
1378
3282
3622
1820
3214
2211
5050
494
2534
35
4234
3826
1004
1616
630
3775
5118
936
3911
3979
4115
4387
4812
5050
52
2330
3282
2024
4897
2619
2364
919
3724
3809
579
1599
3843
273
5271
1021
3486
4149
2687
4489
3605
3316
749
3367
4251
4659
5186
834
1531
4642
3724
1582
1616
1650
1429
4336
2092
3809
5254
477
86
477
5254
3945
749
5169
2789
2075
1786
120
4387
35
3435
5135
3418
171
4455
3248
4183
630
358
2551
2211
5152
2024
3639
4132
4132
5271
4030
4608
3197
2347
4506
1786
919
2143
4574
2993
3928
2534
2041
3979
3792
1820
5220
3962
4098
3112
630
4727
1293
3180
4761
1089
5220
885
3044
1820
3979
4897
1072
1820
1888
3401
1429
2823
3367
3843
3639
1939
1021
3503
3741
4812
3163
3605
1259
1905
4540
1888
4472
477
2891
3877
4744
579
2585
2432
2398
1225
1990
1293
3044
1701
2517
4489
2347
528
2976
647
2483
3996
4149
4047
1276
1956
2313
2534
1701
4676
4421
817
5169
5152
2517
2381
375
5118
2653
2789
987
4642
4081
4030
4166
1259
987
1174
1786
3962
4999
2092
426
1616
800
1718
1412
936
4251
3112
256
1157
1752
3248
953
4268
290
4506
4030
2942
1939
2840
52
3860
1531
2041
5118
2517
3214
4727
4319
681
4659
4744
2313
3282
1106
1548
4217
3197
2483
2296
2177
4234
205
953
970
3673
103
5016
4438
2058
324
2313
562
1854
4353
3503
2211
52
698
4353
732
1
3741
868
3282
2687
239
5322
3707
2721
2279
528
1599
307
1480
2585
1803
4761
69
4064
4642
392
1021
3027
86
18
1174
120
3248
1888
4472
1820
5067
681
2687
3010
3367
2942
800
1718
3486
3078
69
2925
1208
4727
154
834
4149
3401
4897
1259
1616
562
4302
4880
3775
120
4999
4846
5186
1939
1310
4914
2636
4013
392
3826
4778
1191
3384
2908
2109
3452
477
3316
664
3809
1990
2636
5033
1531
3894
1310
5288
2840
4013
1531
800
3673
1021
630
256
2347
3367
715
4183
3758
4557
3605
2789
2585
4336
4897
3860
2653
681
2347
4285
2670
4982
1803
2041
3537
936
1973
1021
4948
1327
1820
3265
2347
290
1361
2517
1480
2075
1344
5254
4455
4948
2687
4863
1769
52
1208
2245
732
3554
1174
1242
3197
2976
3282
1378
3911
3078
222
1344
4404
2058
4608
4574
171
3792
1752
1650
3707
3095
4727
2806
528
5237
154
120
5288
1361
2364
681
2738
1361
1922
579
2177
3027
5135
3911
749
18
5254
2976
5254
2347
2194
3248
783
3945
4897
4489
4880
4285
5135
52
4166
5288
171
1939
4472
358
2619
1854
1718
2364
273
3894
35
52
2466
3962
3248
2364
1582
970
4710
3775
4217
3333
205
3775
2466
5084
528
69
2959
2517
1
953
4455
2296
1310
4897
4166
3027
5084
2262
4761
5118
2313
1871
1548
3401
2058
3129
4370
4608
4744
3248
2585
4948
1667
2874
2500
18
2959
103
358
783
1055
4829
3095
188
2194
5084
1038
1939
1990
443
4880
2126
137
1089
171
35
2041
4557
4642
1429
273
5050
4200
1939
2568
1344
5135
171
4625
137
4149
3503
2789
1888
3690
4999
4795
4744
4761
4608
3010
4285
1378
3163
3197
4744
1021
5254
1769
307
4506
2041
1
3367
1803
2568
4710
1582
579
1820
4897
4727
5322
2347
4438
3673
5169
1701
885
4574
953
3894
3503
154
4880
1361
4897
545
4438
1310
4030
3588
3350
4030
4778
5152
4438
4149
4557
2840
3792
4115
35
3758
4285
4472
2075
4098
817
783
3316
4948
4693
4642
5101
2041
3826
4659
426
2908
3792
4455
4336
4982
970
3758
4778
3231
375
1820
715
4166
3758
3928
2585
2687
3044
2483
4608
1684
3282
2568
1276
443
5033
1021
307
3520
3503
732
4251
1956
5203
3231
1582
3996
1650
4183
1871
5203
647
409
4030
2228
4336
4438
2738
5203
1565
1990
1531
2670
2381
630
936
2075
4829
1259
239
2993
1990
4489
4948
5016
2381
4353
3656
1854
3180
3350
4880
1667
1582
3554
3894
562
460
1293
3588
2041
1106
2942
2534
3503
3571
3486
222
3061
4744
460
698
4557
2772
3469
4234
2976
2466
358
2653
3469
1548
2194
2959
3129
3571
4693
1531
4047
3809
5118
732
4914
2721
1089
3061
936
4574
1106
1820
1786
1565
2517
1004
2177
3809
3061
5152
4098
3418
2466
2228
4965
4659
5186
579
2874
4523
2109
1565
2976
1871
120
375
2415
4404
3435
1191
3622
4557
3010
69
3945
3367
4251
766
1820
1956
3758
3758
3197
4047
630
2823
1174
3639
1225
1871
647
3333
1276
1446
3027
1395
1820
103
443
3095
4472
1905
120
2126
5152
1888
137
4047
494
5152
3826
4251
3554
1667
2942
2007
4489
4115
3469
3537
3809
4115
1514
5084
3401
2381
4319
3044
307
2585
783
4778
4489
4081
1548
4285
630
4880
800
1123
2500
4625
3197
3877
953
3962
528
3265
2721
1820
1463
4353
3775
800
4098
1820
3180
3061
4863
1310
290
3486
732
4795
2211
2296
1548
664
4999
188
1786
2143
2636
4982
664
3588
3588
4370
4693
4132
834
3979
3146
4608
2602
5067
4251
3622
2772
3775
4931
3061
5084
324
324
5118
443
5067
443
86
5254
2228
2228
358
5050
715
1786
1106
5084
1123
3078
3741
2925
4047
3010
171
3758
5084
3792
4353
1327
1208
2058
1055
1531
222
834
1973
5288
4455
2058
3010
1327
2109
3367
4200
647
5152
3146
375
4098
4047
1939
4846
2738
2772
5033
4319
2517
1293
3316
3843
2500
3197
4914
4030
1242
3571
3826
1174
2670
3707
2007
1820
3639
3214
3860
4285
834
4829
2483
4948
3520
4438
2262
4081
1854
1939
868
2194
1072
4183
698
1395
5203
3435
3265
1106
4829
1735
103
2143
103
5305
1786
1565
3163
3469
511
1820
2942
2993
4591
1106
5254
1514
3010
1769
3452
3877
1786
2347
2704
2483
3758
392
3741
1667
4676
3214
3401
4778
3180
1327
4727
4982
2908
358
3095
1242
2194
3877
4234
1429
4982
1973
2942
2653
1565
4234
1174
3350
1225
1718
494
2806
5288
2058
4472
4608
5288
358
4030
3112
4863
1242
562
239
4778
1497
1480
1616
18
3554
885
4999
171
1650
120
1735
3707
4489
5084
4948
851
3401
222
783
120
4710
35
3231
2891
1888
987
222
953
4744
477
392
885
5135
5186
902
3333
715
3724
1327
205
3860
3061
3911
2993
630
1327
1667
1854
1565
273
5152
4098
3486
3027
4812
18
1854
5033
4166
1242
154
4557
5305
5305
4387
851
1106
2942
4574
2449
970
902
3333
4880
1718
1786
4047
1208
1480
256
1480
4455
2177
2789
2143
1633
647
1820
4489
4812
885
2483
4013
834
2432
868
4863
1361
1633
1905
1633
2602
647
2806
5322
2364
4591
4013
1412
3894
2092
715
3010
2092
3520
2976
1548
4166
4795
681
3622
3503
3163
103
4336
3418
4149
1667
2619
3622
3571
4251
4047
2041
1701
4013
4421
4132
494
3656
2670
409
4370
324
324
2534
3299
1871
4523
562
392
613
4064
3554
715
868
4812
2704
2534
2075
970
3945
970
2840
630
511
1514
2874
4642
5186
4353
1956
3435
3384
120
3758
562
3418
3469
5101
3996
3860
358
528
2058
4268
1412
1514
4795
1769
1412
3588
358
2398
1072
4183
732
409
4880
18
256
3894
5152
1514
1922
5271
5271
307
3350
3384
3231
5169
5067
1429
341
1786
3520
4931
1123
2959
1361
2551
1191
4897
2772
2262
1548
3503
511
1089
1344
766
2806
1140
103
2551
1072
3197
681
2245
4421
3928
5237
4132
3180
3401
562
4523
2993
4880
2126
4353
5254
1140
1718
494
1225
3282
3996
1735
4370
3163
324
4999
4302
3605
2194
3197
1463
698
86
528
2449
3146
4659
273
1208
3061
4795
4200
409
4744
1021
307
3707
2738
800
2772
664
2619
2330
2857
426
494
2500
2551
4098
2517
3588
205
3231
3673
3911
324
1480
1055
3792
511
4115
1055
4710
2347
3639
3554
2653
1990
936
1276
2585
4795
1718
4931
2296
5322
69
2636
2517
1990
2976
749
35
4030
2262
3945
4370
1565
4999
630
2075
1582
1684
4608
3928
5322
2806
4404
5152
1565
3503
2381
1004
5220
5135
1140
5186
3027
1599
188
5033
4574
4115
5067
3265
4200
1480
103
409
1140
3911
307
545
239
2738
2313
3401
188
4540
3197
4948
2704
3401
3775
392
3197
4914
239
868
4336
3605
3724
1395
2364
3435
2483
1225
4931
2585
4812
3894
4319
5135
2262
4557
2517
2398
426
545
1599
3622
3316
2126
1684
1735
2517
2704
4489
579
3571
3469
4183
1956
2687
4387
3214
5169
256
613
222
2891
2330
4540
2670
2432
3758
3027
4829
2007
1395
4251
290
2534
1021
5152
4268
1378
2500
1225
1956
3894
2534
3979
3673
5220
3010
4727
5050
1089
5339
5271
3979
154
4472
4489
2585
698
5339
5237
2704
4557
4149
817
1735
5169
3792
3826
4370
4115
2891
4166
2670
69
2789
4166
3112
3622
3537
2806
2534
1361
562
4336
1514
5033
3469
1922
3554
1276
1803
4081
3656
596
4914
3214
3605
1174
1701
443
5305
2415
4608
2619
307
2041
1429
3418
3486
2806
885
664
4166
4625
5016
3503
2126
953
69
324
69
5050
2228
3724
3486
1786
1599
1735
800
1123
2177
749
1361
1446
3367
1667
1310
2619
5084
2636
69
3792
3299
2058
3061
783
205
5186
4931
3452
3333
2823
3163
222
1191
1293
5186
613
851
630
4914
3027
1378
919
2296
2568
409
1446
3027
154
4081
919
1769
5203
2993
2670
3826
3197
324
3401
1310
3673
868
2296
1718
5237
3588
1548
3690
4438
18
1072
5288
4574
5186
69
1803
239
4693
2653
3571
3418
3571
1
1089
1208
2670
2738
2245
2993
783
1378
4489
4829
3673
851
2551
1905
239
4064
4166
3435
5135
4098
2653
4965
1990
2279
5220
1327
4931
3435
2568
987
1259
1497
2194
3928
4234
2262
4761
5033
3639
3894
2330
1956
2585
2704
1684
647
1412
3673
4081
1208
256
4557
817
2245
1497
3860
1412
4251
1956
3979
5237
3214
120
5271
4982
4370
2177
2211
1871
3656
749
2024
3435
1157
4744
5135
1803
3979
1276
528
3010
1531
5101
1667
1616
4421
171
3027
1140
5305
1650
4217
1004
4965
4132
3809
3979
4132
664
3673
2432
1412
341
528
409
2908
3486
2211
1548
4761
2755
2381
4132
324
4047
392
2568
4234
3418
3707
2007
2891
2568
3010
2500
4523
1463
4302
3316
5305
2619
3571
1378
2976
1922
1786
3707
3231
1820
3078
2653
4574
120
4608
2721
4166
4999
5288
868
885
3656
2891
3775
4047
3724
4115
3231
3027
3061
4370
2976
3520
409
2177
1140
2347
1786
2670
222
3622
409
698
664
528
5305
3401
2517
2772
3333
3401
1480
4812
4115
3095
3520
2483
1854
4574
3333
2738
3588
970
902
3996
3146
5220
4166
4948
2551
4404
1038
2959
2925
1701
1310
2891
5101
3826
3486
919
5050
4982
375
3809
2721
1718
4132
4574
936
2109
1956
2347
902
698
4183
4064
562
2993
1480
3112
5220
2517
3894
2806
4217
3027
3520
1803
4693
1650
2721
4387
1276
919
681
1820
477
2636
4217
4591
4744
4013
4778
307
4710
3605
2194
5271
4421
1497
868
4302
1837
4761
4931
698
273
3095
324
4965
4744
868
1820
3860
4982
324
324
103
2959
2381
2517
188
1038
1939
3673
392
3367
511
3486
2449
5186
4353
4574
1667
1599
1973
188
1871
5067
528
4659
2279
1395
1123
3962
1021
1463
2126
4302
2245
4506
1480
2432
188
1242
749
579
4625
4438
1888
4897
4268
902
1939
579
2500
3911
783
2194
3622
1310
1497
3724
528
2619
2347
4744
1905
4472
3690
4166
3622
2993
1242
1633
4251
5186
35
3520
4268
1922
885
1021
2823
2823
1599
3146
1378
205
5339
2823
4693
1480
1191
3061
1939
3537
2449
3843
477
3962
2653
1922
1616
1735
3554
3690
4744
3588
5033
1480
3350
562
2500
3996
1208
1939
1803
2585
5322
1786
52
4676
3282
4421
2381
5220
443
2653
1531
919
1259
2024
681
698
1582
4234
2211
970
307
1888
2449
1480
273
2789
120
1480
4727
1922
1888
4693
3724
1939
1837
4829
4200
2041
2517
4642
4693
1871
3384
3792
3894
4064
2313
120
783
4540
4268
4268
1072
4557
392
4540
1990
511
664
4540
2449
2568
1701
3996
2330
1378
1293
1174
3418
1633
3639
596
3503
4863
4387
2058
1395
1344
1
2177
528
4285
1089
4795
1310
4659
3979
1123
5186
4642
307
103
5033
5186
1922
2024
4387
3214
1021
2466
4846
4676
3061
2993
2007
5271
2874
3401
1259
715
239
4982
2823
4506
4421
4132
1650
868
5254
1480
3333
3384
4761
3027
1038
1327
2874
86
2364
3894
2551
1854
1038
3435
2670
3044
3350
3384
1106
2432
4098
4523
5237
1565
1497
4302
341
3146
2993
3418
2449
987
1446
5033
1837
2483
1004
4710
2568
3367
3248
2942
3044
2126
1021
3554
5169
2194
1582
4098
2466
3503
1089
2347
5067
426
4489
3231
1395
2126
1293
1684
936
562
1361
2772
3044
205
2126
273
1395
3214
1038
4455
5339
2075
477
5152
2092
5237
1735
4557
3384
647
1565
3095
1072
698
4149
2483
647
86
4166
1599
647
3350
4370
1514
3554
1157
4965
4965
4370
664
1888
2177
562
2364
1973
477
2245
1531
5050
3452
2194
4438
4370
3265
5135
3163
3571
3605
1072
2381
5203
4897
3571
4234
1055
1769
3214
3860
4557
52
4523
1089
2228
2908
1276
2024
3384
1344
1395
3078
4795
3588
2160
3809
4676
5118
4795
732
3384
511
936
1055
52
4506
3112
4302
936
970
2806
137
4200
5152
4421
4251
2704
341
4115
732
4880
154
1650
2143
1565
1633
3792
4064
4591
3231
4795
2619
1582
392
1497
4812
4897
4625
3758
3656
3418
4387
3809
2279
4183
698
4353
4710
4217
3112
3282
3741
1089
4931
3724
2653
1208
2160
4557
3622
3214
3996
885
4795
2211
2398
4268
1769
4846
494
69
2908
4897
1701
5186
1548
2398
2024
919
4455
5135
4200
2840
4064
1599
1208
1361
630
1191
3741
4268
4421
2398
2976
3860
4608
3197
596
4200
2687
1106
2109
256
3826
1633
3265
18
1871
5288
4115
970
2908
783
3809
1616
2381
2857
800
851
1871
4557
5118
936
1599
562
2636
4030
3775
1055
2891
1106
2160
2823
4540
3809
4455
2466
1667
970
2398
426
1939
3129
4404
3588
4744
4608
4268
205
103
783
4761
3044
4914
4183
3622
2194
681
2041
3248
3571
970
3248
4217
171
1701
3333
2636
1191
2126
2857
4812
4081
647
3860
2313
3214
3112
4404
1242
1055
5186
647
4098
4744
2653
188
4761
3350
2228
494
4744
1038
3741
3622
1208
3265
4778
1667
4472
1548
4523
1752
3452
2993
256
3588
4047
1191
2636
5288
2245
2483
3775
4183
5050
1072
2194
4472
2245
4438
2789
4829
3299
4353
3095
4506
2262
341
817
4557
1888
3163
953
3180
3996
4387
1412
2687
239
4064
443
307
4370
4217
2313
1888
3129
4523
1004
3197
1429
1616
2670
4727
613
409
3877
2891
3928
2517
5271
477
3503
4064
1480
2143
3095
2891
2653
1157
4778
3112
1480
3792
5152
1616
341
2925
783
4523
783
2211
800
3452
4761
4591
1701
1106
2126
273
3622
5237
3928
1786
1769
3231
3928
4863
783
4421
3860
205
2177
3163
1837
1973
4778
1
2738
222
2347
1344
256
970
2619
2857
222
2143
3962
171
256
2245
3231
2007
1854
4999
5254
3605
2347
681
2670
851
4064
4846
4013
3724
4659
3435
1548
5220
1480
3911
1208
4931
2704
3826
2432
749
630
1038
936
885
1106
1990
2891
2959
1650
2789
1225
3996
1293
3894
4846
3197
1225
1327
1565
3707
4761
3129
3571
4081
4863
4778
3656
2211
1072
732
2976
4880
4948
1735
409
715
1548
1140
3673
3197
1752
2721
5016
3061
4455
2330
902
324
3656
290
1854
3078
3418
69
4982
2925
2670
3282
2976
3741
1837
3775
3282
1429
3333
1514
2143
4880
2653
3656
562
2245
1021
222
5305
120
2568
4030
3622
868
4319
3299
1769
222
3367
1395
3146
3860
2500
3945
86
4336
2364
1191
426
341
2704
392
3061
3197
1871
3622
86
732
3843
3214
4030
4234
5067
2313
2942
4030
3435
2534
2075
1463
1769
5237
3146
4268
3826
3231
1089
4030
4421
1514
2194
4965
5084
5254
630
1616
3520
3894
2347
5203
4931
1021
4081
4642
1157
4846
1140
4608
2041
3231
3894
3809
936
4863
545
2585
2755
1633
1259
4999
970
3469
2432
3894
3367
885
154
4727
4778
324
4574
2177
4523
1123
1463
3520
3809
443
596
494
1497
4489
2126
2432
1820
494
5016
2398
2143
4115
2058
936
2228
2313
4829
3418
3214
2806
613
460
953
5186
2653
137
4149
1939
3656
2602
2381
4251
919
3877
1208
868
4132
3027
1361
1633
3265
1327
392
5322
2279
443
103
4931
3860
1140
2398
4489
1616
3350
2143
2092
1310
4115
1854
2789
1361
4251
4863
103
596
715
970
2568
1582
2347
4200
4846
3673
4591
2636
3775
2857
562
3367
4540
1718
3588
3673
1157
1582
3656
1072
732
2415
2925
3520
1616
4999
3044
1718
3435
1582
2704
647
987
2874
2670
3656
1191
5084
4115
2806
2585
4693
817
1769
4234
4404
3282
3214
3809
4761
4285
4540
4999
5033
545
1259
4693
3588
817
596
2993
1344
4421
3996
4217
1735
2296
3231
1463
1072
681
1871
3588
1497
3639
2466
3724
4744
3503
18
4149
2432
2381
3809
5288
2925
2891
2449
4336
3707
3044
1990
5050
2109
630
3911
3843
749
1803
3129
4999
2483
4999
3231
1820
1123
3520
3367
3690
1667
3384
2500
1922
3605
4132
1871
1174
1667
4319
3350
35
2024
5339
2908
1956
3792
1480
3639
4540
1106
1412
2024
1412
4251
3078
1055
3197
1259
4438
1531
749
290
1854
2687
3894
630
2381
2908
2313
1344
902
171
1191
4064
3078
987
2500
2381
4625
4863
1310
3860
1531
2738
2755
4625
3792
3775
3707
698
3146
4455
1004
4999
4965
2721
290
1990
3452
426
1174
4353
596
2364
3061
1497
3350
3384
1718
443
732
3027
4319
2262
409
4897
4710
2041
3333
885
562
1123
3180
1565
3945
2789
2126
4234
4795
222
2483
613
2415
902
800
3299
239
1990
1344
1956
2432
2075
4982
1395
2160
3231
4132
4710
3095
5288
3418
3656
4234
1242
3061
2823
4047
5186
4897
1310
3231
2024
5101
3469
2942
3724
1429
3180
358
596
2959
630
494
2585
5203
477
3639
3979
3010
1378
3911
1089
2874
2789
2330
579
3452
4200
3588
2993
3333
1463
5016
3078
2772
426
1463
4200
1429
4999
2619
2211
273
3112
2636
137
3588
919
4115
1259
137
511
171
3010
1123
2500
1412
4574
4540
4999
2211
2517
4285
5067
3435
1701
3316
4897
3724
2585
4540
987
4795
2653
1922
2075
2789
171
3010
4727
4608
970
3061
4778
1803
4200
5101
3214
1242
2109
2857
3469
4642
4965
1004
2721
4506
4319
86
2874
1548
2449
1701
1004
5101
3622
3078
358
1616
3911
2925
868
2704
630
3469
4506
2653
1055
2364
3911
3163
3044
5203
273
2670
851
2993
1820
2993
902
2517
4557
3367
4217
3384
936
2500
4285
1310
4115
681
2058
2823
3384
511
4115
2551
3180
5169
4914
4914
817
2619
4761
1089
3112
3435
1922
2755
1072
2823
3095
3452
4013
1973
1480
4965
2296
3605
4098
4234
4285
800
4880
2313
1310
3656
2687
2313
1293
2262
1871
2109
2704
4455
1038
3639
358
2959
4217
1446
3605
1956
2721
2279
1752
2041
1888
1871
290
3809
3945
2398
2432
3469
2534
1565
1769
5237
3894
3078
5322
3588
3010
494
528
4047
1956
885
1650
817
154
5271
596
715
18
188
2755
5084
5237
868
3537
3826
1089
613
1956
3622
2177
3724
1327
3894
4625
1293
5322
2296
4965
494
987
1565
4557
477
205
2551
3571
3996
3265
3588
4183
3843
3316
4064
4710
4676
375
443
3112
2330
1888
3112
698
3231
1667
3163
2347
4812
103
5152
5305
4268
4540
2330
2568
4761
4880
3962
1225
613
2194
3231
4455
3333
5118
3809
477
137
2075
3588
2466
1803
1361
1004
2857
851
4166
3027
307
2092
2823
3435
4183
2024
409
4591
4608
3129
3197
3656
3741
3231
1531
2857
1208
1293
4489
4880
4625
4404
3112
1735
851
2296
562
3707
3146
2551
1378
1276
2466
2041
2534
1310
4064
2959
545
1140
3911
3741
4795
2296
1616
4149
5152
664
86
2126
188
2534
1174
1123
2109
2024
3435
2670
3554
4404
5237
2755
3520
171
4795
698
1480
1327
1480
5203
2466
35
1429
5084
2347
868
3877
5322
4710
1803
2092
4897
4336
3265
3860
1089
3112
1939
1599
4489
4166
4659
1905
2330
4829
4523
868
970
511
2347
3996
800
2398
69
545
2568
953
2245
2534
307
4047
4642
3044
868
375
1548
1956
1327
1310
3554
460
3299
2857
188
3469
2347
4727
4336
1140
5237
1327
5135
681
1548
3044
4404
4115
1820
1310
1310
5305
3180
3775
2993
4047
1973
2364
664
1123
1497
2041
4778
4812
2738
4965
749
2908
2160
5084
1871
2041
4234
4829
562
443
2517
2789
4557
4336
4098
3690
4302
1939
5288
5118
3809
1922
5322
2296
3044
1463
4353
2466
4098
4914
5271
4846
290
2075
2398
2160
1956
1293
1633
341
1735
1990
3129
4115
970
5067
2466
3095
4829
2398
698
3282
2143
664
239
3027
5305
2415
137
1888
5152
3231
1378
86
5322
1616
2245
1922
2908
1701
86
4642
3690
3214
1225
2500
749
3690
239
222
3928
4115
1344
715
4778
1582
3741
2568
3996
1718
4455
1616
4948
3656
1701
2738
5271
1769
2483
2823
3469
2568
5288
4999
3622
1174
2143
4370
2687
205
2432
1259
2160
3775
5169
1582
1
1378
1973
1820
3095
1072
3435
528
4744
2959
3265
2483
4727
409
5322
664
2976
3078
307
1242
2075
273
3452
4778
3673
528
3860
477
4302
3673
5237
4302
2891
1871
3945
3809
766
5203
4336
154
2806
2262
2653
2177
494
443
2840
1293
1344
987
375
3435
4438
3826
2857
579
2177
1361
4234
1123
2874
1956
3248
3588
3826
1837
2041
4591
1684
1038
2585
4489
1123
3061
4489
4795
1327
5152
732
2670
3962
1106
749
3061
2755
3605
1463
4931
2806
358
698
3503
2313
1769
1735
3962
1429
1599
1021
3112
2636
3605
69
1582
4489
2381
1021
460
2194
4948
3146
800
698
1718
1684
1293
3163
987
868
613
4523
4761
1939
4659
1174
1497
3265
2619
3095
4285
3554
3571
375
1463
2976
4863
3843
4013
3163
3860
1429
4132
4676
2126
494
4183
1242
3656
5169
2126
2092
4336
1531
1854
3639
528
3350
4727
3146
4285
1497
1361
324
1871
647
3299
4557
4489
5135
188
3010
1208
4319
154
1174
2653
4336
2415
4132
1990
4540
885
4149
3894
562
273
4438
1752
4999
52
681
1140
4591
1004
834
5237
2126
3231
4387
1922
3418
5220
3129
222
18
4302
2874
2177
1378
1650
4166
3741
358
800
2296
936
1072
4557
511
715
2432
1191
5050
1684
18
528
4744
2143
3758
1599
1888
5016
1463
5033
5237
4659
3979
579
4676
1
52
1310
1582
426
2109
1701
4540
3180
902
5050
1735
1157
4064
1429
664
1905
1956
69
1871
3554
4846
3775
3214
4149
3452
919
3452
2075
1497
2772
5271
1548
4098
1497
5152
4030
3197
4336
1871
1922
1854
3605
902
562
5033
1582
2466
4812
4829
2177
3010
4319
596
4047
3112
4047
4965
4404
3945
4285
4999
1684
3673
1565
3180
3469
256
4200
290
5305
3945
2143
3554
4863
545
1055
4268
834
3690
3741
3010
1361
2704
3605
3231
3656
120
681
528
4081
2789
171
409
1106
1752
1429
2415
2007
3452
2704
1956
2058
2670
3333
1565
3214
2211
477
1888
545
2041
4897
5084
2568
987
2976
868
1106
1480
1395
5186
4268
4761
3435
3214
1157
2687
273
987
783
800
766
2840
3469
1922
2228
4523
4132
528
1055
4676
392
596
4421
2976
1582
5220
1667
528
1344
902
3537
3435
307
1616
1293
4642
2126
4744
273
2925
188
4217
3588
1497
783
3656
664
4914
2007
1718
2058
2415
137
1123
3214
4914
4166
4880
86
3333
426
1446
4608
3911
3078
545
3197
5203
3129
1293
596
3316
154
2024
4812
936
324
120
3673
2330
5016
392
2568
2993
4693
426
375
3520
3146
3639
4676
1395
5084
3928
5322
630
2313
987
3673
86
2296
4268
3401
273
936
698
1225
4438
817
2721
4608
3673
3112
1820
4489
290
86
4863
3809
3231
3146
953
4625
698
4897
2415
1344
5033
3418
5016
5118
358
1752
987
630
528
1684
5033
4965
341
2415
4217
4013
3350
698
970
3639
783
477
5271
1837
1446
885
1106
2143
3605
3537
1310
3282
1599
4149
868
5135
562
1854
3588
1089
3554
3282
698
3894
3520
2755
375
1514
1276
1344
2993
5237
4999
2908
1718
4268
3792
2823
4234
5220
4183
205
970
3605
4353
1837
3384
4914
3707
4812
3826
1905
2738
2364
3622
4081
5118
1820
3418
1038
987
1055
919
630
3979
2636
4897
239
3282
1599
120
2126
1803
4268
375
3996
766
1599
3554
4472
1055
5220
4200
1616
2228
290
3520
5169
2109
1582
851
3095
2653
4948
1548
4455
52
4268
4693
3333
511
2636
3282
2330
1565
1497
970
154
3095
2347
4625
1973
35
1293
1412
2262
1582
4931
2075
3690
1157
749
4608
1633
341
800
732
3571
5067
3265
1565
3401
3724
2670
3554
3112
4166
4523
3265
5084
4710
358
1701
2568
1650
3112
4846
3231
511
4744
4744
