1054
924
235
1808
1847
2107
963
1418
3082
1262
1808
404
3758
3914
3927
235
742
2211
3368
40
2159
66
3498
2991
2289
1028
1288
1652
2653
3888
2263
3706
729
2497
3849
911
2952
729
2328
1938
326
53
2354
4083
2302
521
2653
3056
2731
274
3095
3238
339
833
2133
976
1860
1756
2627
2848
3979
794
794
612
1626
560
1535
2913
3719
2198
768
4044
586
1457
2367
1236
313
3355
196
1379
3628
1626
521
2315
2458
989
1626
222
2744
157
1418
2640
3381
547
1587
911
1106
1457
2172
3160
2003
2939
1444
2588
2731
2146
3823
3043
1418
2354
326
3381
3979
3290
4031
2341
183
1561
911
1275
53
2328
2250
3433
2874
3836
2692
2328
3641
768
3823
1548
2042
1184
40
677
1665
2211
3719
1418
469
2380
3147
365
1574
3082
2705
1769
2991
3615
1379
3043
183
3628
729
3069
1704
3420
3732
1249
2523
3459
2796
469
2978
2848
1145
2991
3394
3199
313
3862
3914
3459
2562
1405
794
1184
1509
3784
3134
1223
1067
3329
755
1795
638
2458
3550
2705
3719
313
2068
2419
781
3394
3602
261
2289
2900
1795
937
2679
1626
2744
1145
1366
3537
664
1210
1561
2146
2432
963
3810
1522
1106
352
3979
560
1392
1938
3316
1795
274
1
1093
2211
2705
1717
1028
2835
1002
2042
365
3745
1522
66
1522
534
3706
3082
2679
2042
2380
2393
3563
3485
1080
1795
2393
2471
3732
1613
170
2341
4044
3706
469
989
3758
1496
3836
664
1873
2536
313
3394
2614
170
2263
2224
1587
846
2614
3979
1574
417
3368
2653
2211
1
3459
1860
4044
1977
2536
4005
1587
3004
898
3680
2835
3069
261
612
1522
3004
2354
2471
3186
521
3030
677
3810
3979
2991
1288
313
612
2289
2523
612
4083
2718
573
1964
1171
2913
1886
79
2146
1483
1262
1132
1743
209
989
3082
2562
3459
2172
1431
729
1197
3576
625
92
768
937
703
1392
1795
3758
1392
430
235
3355
4031
3147
1158
2445
3628
976
3706
664
1054
2263
1652
40
3160
3446
560
495
92
92
4070
3147
183
3186
4083
3329
482
118
2991
209
2978
1561
3576
2913
3043
3069
3706
2575
2380
3316
1587
3433
1483
3238
1808
560
937
2367
3485
3459
2458
1808
2510
989
3329
833
222
2146
950
1548
2367
3940
3108
1847
1093
391
3251
703
2965
1535
2367
456
3303
2185
2042
1015
2744
2978
1730
482
2341
92
625
755
3511
3953
1587
3732
2003
872
3615
2705
716
2627
2887
157
1353
2042
859
235
1912
3225
3121
1119
1327
1067
482
2406
2380
2211
1223
625
638
1847
3810
66
40
3732
2133
2055
521
1665
3095
3667
2627
1899
2159
3992
3940
3030
2562
105
495
1587
3654
1821
1002
40
2575
3381
2250
3797
2354
2900
3992
2068
2965
4031
53
1002
326
3004
1002
3433
2575
3641
1236
3082
3537
3511
2016
339
3615
2510
1925
3186
2679
1262
3225
3589
560
3823
1626
2913
2627
1522
3316
3927
1470
3368
833
131
2276
1847
3563
3199
3823
703
2185
1600
131
2536
1938
2081
950
2198
1171
1964
3472
2744
3888
4031
2471
1431
1184
1002
2952
404
3264
2757
2120
1
2900
300
183
2367
3498
2341
1418
4018
3940
3979
2458
118
1964
1756
2328
1483
3719
40
2562
1860
4070
937
3290
3589
274
482
2328
3537
1587
352
1873
391
664
404
1093
2497
2744
846
2432
937
729
794
1054
1041
2549
3381
2523
521
3420
989
716
1730
261
4005
3654
2965
2822
1899
2406
313
2250
2614
3134
2913
3017
2575
3758
1678
3420
2094
950
2497
1223
2003
3537
2120
3732
300
976
1392
3719
1691
1470
3979
4031
1028
1184
2757
2926
3589
1418
3524
2107
456
677
3472
3030
339
3485
703
768
339
3199
339
2341
2640
2458
313
1275
1769
1717
898
1795
3186
3212
1730
118
300
2822
1392
2224
144
820
2666
612
1496
2042
1977
1847
1431
2679
950
105
1782
1288
794
2757
2081
1106
4031
3849
2822
3264
1548
248
2380
3277
378
2679
352
105
807
495
924
1821
3537
755
3862
3862
937
3641
2445
1899
2081
2575
3186
2874
3667
1184
3992
3615
3368
1054
2783
833
1314
3511
2445
27
2094
1132
2562
1249
1639
3485
3069
3511
2575
1171
3277
3524
3147
4070
1327
1145
2549
2848
4018
2120
2367
2250
4070
4083
3316
1106
3251
2965
521
1600
1327
950
1080
3888
534
2718
1613
1938
469
92
3121
3758
1951
2172
3732
1613
1652
521
378
1587
976
1080
3836
963
1067
1392
404
222
2692
924
170
4018
209
1249
3810
755
2302
3758
2692
2770
3862
53
768
53
573
404
1678
2224
3355
391
2146
248
1470
235
3641
885
1626
4044
3537
235
3303
2042
2588
3511
1626
651
2601
3927
313
3641
950
2510
2029
1717
2575
937
469
157
1509
2159
2978
3654
2406
2783
3888
287
3667
3862
2666
1457
2432
209
3498
924
2068
3472
1574
573
1639
235
2549
2588
2744
495
2653
3654
3862
1457
2146
1275
3615
1028
846
274
3823
3069
2991
1730
2835
1574
3186
1171
118
937
2107
2185
313
2016
1106
1951
2250
1990
2887
3342
2484
3875
2900
599
3667
3394
1873
3186
326
2718
1795
53
40
703
1795
2874
612
3316
4057
3160
157
404
1262
469
755
703
768
1353
2692
1990
599
3524
1769
1834
27
1340
1132
235
2861
3901
2965
3004
3953
1340
3706
4083
118
2653
3316
2510
1717
1808
1249
1314
625
2016
352
1392
3368
1392
1717
2302
820
1821
2471
3277
3160
1951
3511
261
1756
716
3264
4044
2055
1210
2380
521
2198
4031
3030
2263
1743
196
1912
2367
547
2276
2094
2250
2003
3810
2887
2822
1535
3693
339
3030
1548
3849
1639
1639
482
3238
4031
872
2796
651
1392
898
586
339
1496
2328
2965
3420
3043
1847
4031
1041
1
1938
3199
1223
3095
638
820
3433
2016
716
1522
3654
2354
2003
2796
625
1223
1496
1275
2614
742
196
1288
2237
872
2588
3992
3914
339
2263
3290
2770
2536
2393
3992
3966
1379
729
3303
3394
3875
742
2952
2133
1080
4083
1106
2302
3927
2380
3264
573
924
456
1145
1795
3056
3485
1613
1730
1652
807
417
2536
1548
2744
2406
2926
1808
4057
2224
1587
703
3511
2068
118
1834
3173
768
1665
3888
4031
573
716
391
1730
2510
1782
3550
2458
3524
3537
1613
2276
1977
3160
924
2731
1990
2744
2692
2549
2666
1730
1964
638
1847
3797
3810
2614
3810
3615
2549
287
2666
1288
352
1093
1405
3901
1886
833
3355
3498
1444
3667
898
2380
2302
2887
3459
898
3771
2029
2627
4070
1015
2822
2120
729
3771
1834
2679
2237
456
1262
1860
820
690
3264
3056
2575
2445
2315
1990
3888
235
1223
508
2536
27
2302
3446
2133
2679
313
2120
3693
3134
144
2757
2822
313
1353
3394
768
950
3589
4018
1639
1093
2991
118
3537
3641
443
1678
3875
1678
521
2328
40
1171
14
2172
3849
2757
2627
1782
144
1106
443
2965
1418
1795
599
534
2744
92
2887
2718
1184
1782
2848
3069
3771
1626
3082
1886
3303
1938
2549
1678
3108
898
2198
2861
3667
729
547
3810
1847
3433
1015
1600
3563
1613
469
560
40
3368
3277
3654
3485
365
963
1496
2003
4044
3394
3641
1899
1847
1236
3342
1093
3433
2120
664
2497
1002
378
2679
339
1392
196
2250
1340
3095
2809
1379
703
1990
3368
105
2367
248
4031
274
2627
1665
2250
430
1860
3485
3784
2952
1158
144
3615
3667
3576
3992
2250
2263
3719
781
417
3394
3888
3225
677
2926
3550
4044
1366
1821
196
1314
430
2835
2978
2692
1600
742
417
3719
3693
4018
2198
3212
3589
27
1444
79
2289
3498
872
2705
2796
3095
170
1808
1925
3719
105
1639
3888
300
2952
2653
1470
170
3680
1418
924
14
3472
2952
4031
4018
417
1860
4044
1860
1938
2237
3706
1145
3277
742
2575
3446
2562
2848
1405
2666
391
1197
1301
3342
2198
1119
1847
1782
872
2770
1795
248
1639
66
170
2055
261
2549
2250
547
690
196
27
2302
950
2614
4083
3511
3797
3836
417
92
3368
1717
1769
1470
2835
3615
3264
2042
638
3394
2302
612
1808
807
2666
2068
1704
3251
950
729
3459
989
3043
2744
1938
3030
2159
1639
1106
2575
66
391
2627
170
1860
3810
3784
1028
1756
2757
339
2393
3368
482
1548
274
2549
3251
3537
3511
3979
1236
2835
1262
3979
677
2640
378
2315
3745
1288
2380
40
2250
2549
1912
1964
573
1275
2068
1678
4044
365
950
430
248
1236
1327
1834
3108
742
1730
2679
3576
1327
898
157
3966
3706
807
3628
898
1522
2003
3147
2406
2250
3459
1314
3537
1431
2991
3485
131
3953
2263
2822
3524
3589
560
872
2666
625
1886
482
1964
2783
3069
1834
729
3875
3797
1626
1301
53
3108
2042
2302
2471
3355
1743
2237
2263
3576
716
2120
79
3537
3979
3667
1
3186
2237
638
976
1054
937
2094
27
1106
2822
3901
3251
2783
3537
3303
1795
1483
1509
2614
742
1600
755
1340
3511
1470
1795
3589
3342
1678
1496
3355
768
2068
2328
79
3121
1600
508
3147
2705
3329
1288
1860
2016
729
3498
2159
547
3355
677
3719
859
3862
976
2705
3680
2770
534
2926
2796
2029
521
1899
2432
2848
1990
1457
2783
2497
2939
1405
79
131
1600
430
3290
1015
2588
2172
274
1600
1795
3563
1379
1106
508
3394
3888
1041
2224
924
1405
2757
2822
3836
3940
716
3628
2640
1561
2471
4044
1639
937
3979
2068
131
3329
3004
2302
1938
508
2432
3836
222
3550
248
3615
1678
1288
92
2601
1028
2848
1327
3199
1028
391
2731
3667
1951
1106
1951
1925
2042
1847
2328
508
3511
1236
1145
1366
92
3589
1106
2744
3043
1366
2276
3056
989
703
1561
365
3550
2887
3563
482
1613
2211
2497
3563
1652
352
1392
2042
534
2068
2549
4057
3303
3706
3758
1730
1535
768
391
2913
469
2666
1873
1470
3368
3433
170
1158
560
3732
4070
2185
1847
2471
4083
1847
1171
3823
3888
40
1795
677
2432
1002
2718
2094
2744
157
2874
1470
1405
3342
40
3277
3147
1743
950
3316
1236
1522
1301
3641
2042
1483
365
2029
3329
1535
1756
3121
4005
1886
2146
2354
1236
768
352
2315
3368
3225
3784
677
820
2159
3966
2302
2237
820
3966
3472
677
1171
1353
2718
2653
1717
3095
1899
3251
3186
3355
1509
989
1405
3862
2224
521
118
2874
2224
3355
2562
2900
2510
625
1106
3147
2861
274
3017
573
950
92
1925
2016
1093
3654
1015
1327
1145
2536
586
2653
3524
339
2419
4083
3290
885
2861
1418
2575
3758
2653
989
287
3771
40
1483
4044
1405
391
3329
3927
2328
3680
924
222
3030
2250
3797
1483
1184
703
3342
3953
1457
3342
3147
2341
443
469
3251
118
3121
144
2835
1132
2627
235
3511
4031
625
1093
3862
1288
677
3134
3940
3719
1288
1990
1106
807
1028
2783
664
2484
2029
3810
3173
820
2614
2328
3368
1652
820
2107
1119
1782
677
547
1717
3745
1639
3914
937
2315
2952
3225
274
2588
3550
3810
3394
482
2510
4070
2965
2874
2120
378
3693
651
1054
2965
638
1873
989
1756
3654
1
638
3706
3745
612
1860
3030
1275
3160
2159
1548
4083
1613
1275
3381
2094
2120
1691
3394
898
2159
2120
508
2809
3173
1808
1782
3381
1132
1873
2939
1145
2523
885
794
1470
1080
3823
2744
144
222
209
131
170
3914
1860
599
1938
1886
2341
1171
4044
365
14
1093
1873
1834
2874
1158
1301
3095
2432
2445
1522
1652
1587
1327
2731
3745
4083
2887
3979
196
1353
2484
2445
3212
1431
2718
1015
3771
3888
963
2471
3914
2068
248
4083
3277
3836
1288
2276
508
3745
2133
2159
3667
3472
3225
3316
3459
2016
1535
1990
3381
4031
2770
2497
1366
1392
1847
3472
3615
2822
1847
3433
3225
430
1756
742
2601
3056
3030
3108
1041
1067
3602
612
2874
2731
3927
573
3095
1379
2562
2380
3745
1236
3212
1015
963
3407
2822
495
2133
573
2263
3693
3433
4031
339
274
2991
1704
3381
2367
1119
1223
2978
3992
3953
2809
482
1288
2523
1379
3667
2172
2627
1132
1522
1925
443
248
2419
911
3251
599
2939
2588
2965
3277
1197
196
898
482
2562
2016
40
1444
248
4005
2588
729
1197
1028
2120
3212
3199
3082
2679
3069
911
1457
3316
1678
703
2484
612
3641
3407
3576
1158
521
2107
391
3433
573
742
3485
2016
1002
1730
2939
66
1262
3966
521
2809
1418
1938
1392
391
1197
1184
3706
2874
1886
430
1821
3862
2185
3732
3368
1041
1743
2094
378
2315
2848
2198
2666
2185
2263
1509
586
3537
3823
3550
2250
1145
1392
1990
3966
2588
3173
1912
3797
3407
690
1522
1509
2874
1158
781
3914
1236
2887
2627
1886
4070
3173
456
495
1340
313
1080
3212
2471
534
1379
1951
274
1704
1821
2861
781
2068
911
2523
2757
2432
4044
3966
1938
3160
2120
1509
287
3095
3407
261
2172
2198
755
1847
846
183
976
3316
716
690
1171
989
2393
1327
2198
3173
3407
3108
4044
404
3875
2328
287
53
1392
2406
1574
1691
1405
885
1951
1912
3082
1054
3771
3940
1236
651
3160
287
1340
2679
1288
3732
2341
1821
1145
4083
833
1093
404
3043
1756
3121
3108
3160
1431
586
755
1184
1470
1041
3095
2887
430
2770
2731
1665
3420
144
1964
3095
1158
1587
1067
3498
3407
2224
3498
2575
1652
2237
1522
3420
1262
2965
820
1028
3550
4005
2211
3355
950
1223
2159
3823
3992
794
1392
1665
3368
1691
3095
430
3277
79
3940
924
2302
1678
3498
2289
3914
3368
4044
3511
2237
768
443
40
677
2666
3394
4070
3888
1457
3797
2120
599
1093
2120
3966
2796
1132
2744
313
1210
2588
1249
1847
2601
3082
40
2419
2354
1
1834
2939
3199
2276
2978
3888
3277
612
3862
3069
417
1899
3537
1015
1327
1561
3316
2458
2692
300
2783
2237
2887
4031
4083
1392
1353
2471
2146
3719
807
2315
2562
4005
2939
3875
3797
2120
391
1899
1106
807
2133
2978
157
3472
443
1821
1834
1483
2120
2952
3719
3355
1223
3719
3082
2588
2094
3576
547
1236
1795
1444
1145
638
1223
3290
2770
4044
3524
2211
3199
1574
1093
1691
3381
3966
3511
3550
1353
3979
2419
989
1574
1977
612
560
469
1041
40
1015
2276
183
2458
1756
820
2016
950
1925
313
391
2471
3511
300
1899
1106
3680
1782
2965
3134
3134
2848
3888
27
2757
1782
3069
3316
2250
2445
1704
1613
3056
222
2406
729
3472
339
1678
1314
651
404
2120
2497
703
4031
1938
2718
1717
807
1769
3186
1990
3992
3225
651
1678
534
2315
3940
2991
2354
3888
287
2575
2198
1015
1951
872
1041
1600
3953
3875
3732
690
495
2003
2640
1548
3719
3446
1652
1145
1353
1561
2705
339
3238
3251
2653
1418
482
3342
3641
768
1821
1756
131
2120
963
1171
3719
3264
950
1691
3953
3875
3693
2497
1340
1652
1860
1327
2809
1548
2887
1418
222
378
3004
1223
131
3485
469
3784
2601
2302
3875
2731
2757
3173
3901
2380
2341
3186
4083
2211
2978
2016
3043
2653
3680
3238
3979
729
3121
1119
2146
3355
3927
1067
482
4057
2887
950
2081
1392
1587
1860
2458
248
950
2263
976
1626
3797
3394
2172
2679
1314
1132
3667
3329
274
1886
4057
1743
1340
456
1002
1171
3953
3914
1145
1080
3199
1561
820
3134
3433
3277
1717
2718
3888
2692
2679
3589
326
768
508
4083
1899
79
3316
508
300
1626
586
1652
417
1587
2822
2705
3836
2302
3784
2952
3875
508
1990
1548
3797
3706
170
1925
651
2848
1418
976
1951
261
963
2185
2770
2627
1041
3069
2588
1626
625
3004
1561
1795
1613
1301
1
3732
157
2211
157
2146
3758
2289
105
2263
2549
755
3459
3966
66
1314
2562
1041
3511
1236
2003
456
209
495
417
3277
1834
1977
976
1782
3290
3407
1418
3446
1535
4005
3940
3628
534
4044
1808
3082
703
1171
2952
768
2484
1418
144
235
989
482
3121
1210
976
3550
2822
1145
1431
3797
2926
625
3108
261
2419
2978
2601
2263
2523
3147
2211
235
2133
1249
3836
3433
352
560
3186
2939
807
92
3420
2263
3732
2744
1717
2458
3888
1496
2159
2731
2120
3602
1327
443
833
2263
1041
3355
1314
1587
1925
1795
2835
1
1132
1535
560
222
2809
3797
2744
2133
1977
2380
3212
2029
742
3017
3524
1236
4083
3992
3186
3745
339
4018
1912
3823
1613
1574
1314
1873
3368
2497
1873
404
4031
768
3056
2744
2913
1717
3212
3225
2432
2341
1158
3186
3693
599
2757
3680
495
1847
1665
3264
105
1912
1327
1717
3485
2653
1925
2757
1054
2133
1496
3420
2913
469
404
1730
521
3615
3290
2952
196
352
378
3888
3381
1483
1808
2211
3329
3472
1392
3446
1301
1054
3498
3121
3706
3771
1795
664
1808
1626
2419
3056
2094
2822
690
950
690
2315
2250
885
2679
963
690
1964
2445
833
92
1691
222
3914
3472
3953
872
1210
1314
2926
885
3108
1925
2705
3082
261
1665
3511
3082
703
378
2107
3017
2627
3004
4031
1925
2029
1912
287
2861
339
313
1418
2588
3784
1275
1795
3329
937
625
131
4044
2562
1171
1366
2822
2835
794
144
1873
1171
2263
807
2133
3602
742
4057
1535
989
248
300
3758
2991
66
2250
2679
3771
4057
1925
612
3017
391
3004
1483
1561
274
2640
300
1067
1132
521
2237
1730
1327
2705
1236
404
2679
1106
3836
1262
3836
3498
170
3901
1
1184
3589
2393
1444
105
1314
170
3108
2809
1730
1730
3784
378
2796
820
898
950
885
560
1990
2120
3394
573
1561
3134
183
1314
885
2783
3550
885
2302
1379
3277
2094
1496
495
2263
2939
1639
2341
573
1340
2718
1717
495
1951
2666
1392
2510
560
1847
144
3576
3420
3290
2094
3069
79
3212
859
3394
3849
2250
2575
1847
2081
1405
2458
924
3056
703
3940
300
1756
1561
3225
3706
2562
521
456
1457
2380
3030
3368
40
2224
3797
1444
638
1249
2302
4031
1015
456
846
1197
2536
2263
1990
1808
1223
2692
4083
3953
2783
3979
3082
729
781
3615
3615
573
235
2562
3953
2705
690
1990
53
3771
1587
2354
2042
937
2822
2900
2133
1262
3498
40
1405
625
1067
1392
2913
3862
1275
1899
2926
2055
3849
2458
2640
2419
924
833
1028
4044
1158
1080
2055
2744
3446
14
3680
2172
1249
66
1769
651
2536
3186
1275
3602
482
2523
1704
105
326
547
495
2523
1340
3134
846
2263
2302
1886
547
3472
2965
2614
456
2315
2627
53
2822
3875
2549
508
430
989
2029
40
2926
846
2562
547
3381
1223
3524
3888
3745
768
1262
508
1366
3576
2393
1912
1288
3693
430
79
1925
1392
131
3082
1171
1015
1925
4031
2003
3953
2406
846
3147
3303
3823
2432
443
3251
2224
2523
2354
1834
1366
2055
3745
3758
2302
937
1704
2744
1015
1964
40
3589
950
3654
508
2887
1925
859
1080
248
1704
2562
3550
1431
911
2328
3017
1470
768
3706
1639
2133
1665
1288
144
3966
2224
1847
950
1587
2146
3433
3511
3095
2991
2354
222
820
3212
3745
3498
820
2211
2965
586
1457
3628
3602
1275
300
3212
2913
781
3212
118
3355
1431
677
3537
2380
599
1587
1717
14
586
3043
716
3251
2211
3927
2900
1613
3095
1015
2913
3680
820
2458
3199
2094
1093
651
911
1873
2211
3459
3563
3641
53
3004
261
3082
495
1990
3108
3524
3368
3823
2679
1483
1990
3914
3108
989
3264
261
586
4083
2718
2120
2081
3823
1106
1340
4031
3316
703
3511
1197
3186
755
1470
2185
3693
1795
3628
3121
1067
1691
40
2562
3680
2289
4005
3017
1457
170
1938
1457
1236
4057
1873
3394
3498
3212
3329
2731
3927
1080
3927
1353
1847
3732
3537
1444
1431
1405
2900
2510
3095
2939
3407
1028
3563
1652
4044
924
157
1886
2380
1392
183
170
690
3680
1717
2367
651
1548
3446
2926
1249
1197
2562
690
976
4005
443
3875
2419
3537
1054
66
469
521
1717
2848
3888
1873
638
2172
1613
820
677
638
417
2406
3004
3498
2289
703
2328
1873
235
807
2575
1223
716
3017
3433
3134
794
404
1535
3706
3355
3251
2458
3147
3459
3108
3667
976
2263
2679
4057
1015
3420
2965
430
4057
2003
2757
1834
2250
3563
2744
3472
183
1
2809
1652
807
1548
3186
417
3251
677
1210
2302
53
222
209
3459
833
2900
3420
1847
560
638
2276
521
2640
3381
2367
3225
2848
1015
2601
1379
1028
3758
1366
170
3641
469
3017
2796
3576
131
3446
3628
365
1990
1340
3628
3225
3095
1379
3797
2068
2003
222
3056
1288
924
2185
2471
287
3134
2185
3745
2796
3563
3914
677
2367
2835
1821
1847
2965
1171
3823
1665
3160
1067
1197
2302
66
924
339
2146
1262
2991
1106
2549
3927
3290
3355
2549
2328
1457
2198
3459
3355
352
2484
1626
1522
209
3472
2822
1379
3199
2835
2874
2601
4031
3511
2679
3290
3849
3160
456
1093
2601
1340
3355
131
3043
1808
807
2835
2341
2601
2094
2692
989
3719
118
1197
1431
1275
2575
2978
14
3797
1483
2393
3212
2497
1587
1314
3992
391
2406
2497
1730
1665
2640
677
1808
3446
1847
53
1951
3940
2744
1288
1899
1197
2484
1678
2471
3407
2991
833
3108
378
3225
560
1223
716
1873
1119
1106
2614
1964
1184
183
2939
196
1990
625
2055
378
911
235
1457
2198
2146
2653
599
2159
3472
4005
1054
2640
3017
1431
1769
3576
989
820
3797
456
1938
2315
2419
1457
846
1262
4083
1171
1886
2042
3992
2796
625
1353
3342
2770
2354
3940
833
1730
3849
1886
2705
1106
1652
378
3017
989
1197
2718
1444
1470
3381
2198
2926
2562
1795
1262
2068
2016
1639
1964
3147
2263
3329
2393
3368
1587
2237
105
1652
326
326
261
1431
326
638
2796
3745
170
3849
1093
1652
1470
1626
2913
4031
3420
79
352
1340
1730
2315
391
2328
3979
2796
1613
3901
3368
1717
1457
3706
391
53
3472
3147
3121
2172
2796
3303
1938
2224
3290
3407
3849
2107
1691
3173
534
2042
2848
599
2692
3238
2926
924
274
443
729
3654
508
2198
1600
3329
586
976
2380
3719
3160
1080
1262
3433
3303
456
1080
1392
898
2770
469
1431
3147
3316
365
1756
794
3303
2679
1080
3745
1743
3069
2588
3940
573
1821
2874
3979
105
2497
1379
3615
2094
716
1158
2549
1808
2549
3446
2913
1353
3225
1977
3004
3589
2068
3810
1132
3082
3225
3225
729
534
1717
3017
1106
3550
131
989
1990
2627
716
3953
3056
1431
1015
1509
1574
1912
3290
2835
3264
755
3147
521
2692
1119
2666
3823
2536
1795
1288
1600
2328
3017
2952
1769
807
3082
1093
2796
4044
1808
2653
3004
1587
2016
2848
1496
3927
2055
235
1431
1145
3381
1951
3836
2835
521
1912
1275
651
3199
1223
1314
456
79
1418
1262
1509
2523
2406
1457
2666
3394
378
157
1314
1561
1665
3576
1951
1899
3355
3108
3628
1210
1184
2367
79
3095
3654
3160
547
3212
391
1002
3290
1808
2276
703
2666
3017
508
1249
2315
3316
3836
1977
781
1405
1457
2744
1652
716
1756
1184
274
2939
3550
2783
287
1444
1847
833
560
573
1834
2198
2393
2445
2900
963
1366
3407
547
2029
963
300
4005
1756
40
3797
404
27
430
495
3641
3134
3433
1444
1821
2055
2887
2003
