973
2533
2989
2821
3757
3361
1285
1129
961
2521
1129
25
2917
1837
2509
1297
697
1837
385
2017
2833
2545
3049
2701
721
817
3697
2785
3061
733
3337
253
1741
1009
1537
1717
2845
2833
2845
2269
37
2437
2293
2953
493
1021
469
3445
2857
3097
145
373
325
1669
3073
3301
2485
1465
769
1765
661
325
481
2401
3589
2029
337
2653
3325
1645
1141
3361
301
3433
997
3049
2917
1477
2713
1993
3037
1321
2365
1837
2989
121
1357
157
1585
2125
1921
2257
913
877
3121
721
1369
3469
1837
913
3577
1441
2737
109
3337
3733
3157
2473
3673
553
2929
1405
337
1513
3241
3337
109
817
3493
1693
2941
109
2413
2317
3229
1765
1513
817
3697
3349
1729
3493
3265
2929
2065
1285
1345
3685
3769
3493
2701
1381
1117
3049
1369
577
1069
1477
3637
3025
1633
1261
1597
277
3577
1045
505
1309
1861
2665
3133
2053
2377
1081
1201
673
2365
1021
2821
817
733
1753
2209
1849
1021
3577
889
553
1273
2989
3577
2905
469
1405
1645
2509
2449
2149
2293
2785
3277
109
1057
1885
1189
733
1021
3553
1753
2305
601
2485
277
2809
2797
3541
1069
3685
313
2341
2893
121
3709
1825
3769
1585
2797
901
2197
1309
3685
1705
3661
973
2053
1069
1705
1537
3097
1921
61
2161
625
2593
3433
3421
2353
721
1789
2677
1525
3145
1261
1453
3433
3493
3037
2449
613
3709
2233
529
97
2113
3745
2149
1657
1669
2149
973
3589
673
1597
2677
3265
1249
2317
1849
433
2569
2989
1957
1933
2713
3409
1585
2425
1141
2497
3037
1069
949
2029
1165
1537
1993
1777
3193
2125
2389
2629
397
3061
445
3073
2557
157
73
2869
589
2641
2077
2545
3037
1009
2173
841
1897
1777
3349
1153
1309
2761
3193
2473
517
3649
2713
2173
2005
1321
1021
2401
613
3709
1705
1633
2329
241
721
2917
2893
2797
145
613
2269
793
1465
385
2569
3277
1
109
721
1657
1045
1249
1537
2233
3421
2005
3553
2917
625
2629
1309
793
481
3649
1045
3445
2785
2401
925
2941
3013
3193
3733
2941
2041
985
901
517
1093
1633
2173
2149
2881
2173
2845
985
397
2617
121
1033
3721
1441
289
2665
1309
3577
2341
2557
2197
3265
181
3685
1153
2377
2845
1657
3373
3757
2173
2929
1609
577
3541
2953
1213
2605
157
1621
3697
2533
2653
3637
2437
1405
2521
2209
1213
3325
985
3409
1285
3421
1777
901
2017
3097
2557
73
1537
3205
3013
3145
2245
2773
781
3457
1609
3181
1297
1525
397
2413
3625
2833
49
829
1261
1261
2629
721
3133
133
2605
1141
3277
841
2701
517
925
457
3721
2401
2065
2185
1393
2845
1873
1465
709
1633
1453
1117
277
3541
169
2569
601
3685
49
3229
2869
1645
1825
1693
1249
1321
997
169
1837
385
625
253
2785
2689
901
2653
217
2773
2581
937
2881
2509
2053
3157
2269
685
1945
2869
589
457
2317
1921
565
2605
3613
1825
145
841
457
457
3469
1093
2953
2485
2245
73
3601
2473
1321
2401
1873
421
1129
145
2041
3409
829
2449
961
3673
1369
1753
1813
1933
577
121
2221
2977
961
2689
1897
649
2245
1069
1597
709
1141
1417
1645
925
2293
3517
1345
1885
2125
3385
3757
1429
517
949
1321
1885
2701
1597
49
1741
1717
2269
937
2677
3421
2833
1801
1885
2365
1861
1069
1981
1753
1177
2905
2509
3169
481
613
1513
2329
601
2941
1321
13
2725
3205
2713
553
3253
673
2269
217
85
3421
3637
2917
3685
1753
1513
1765
1285
3493
1981
2461
1081
709
1849
25
1333
1837
829
397
3241
2149
409
2197
1573
1585
2749
1057
721
3481
3517
805
3121
3373
2197
1489
3589
2173
1729
3337
349
3709
2029
1429
2893
2341
1465
2689
397
2293
3085
3649
661
1957
529
2233
3541
1741
1753
481
1441
3733
3541
3037
3337
1957
745
1609
349
2473
1177
697
877
1669
2125
3769
229
2053
2677
2881
565
445
1213
3469
2401
1741
397
2161
3481
2149
1105
3385
577
865
2641
133
1285
1861
205
97
553
1381
793
1429
3049
1393
3661
1753
3445
2557
853
2485
3001
2065
637
85
2269
1033
2245
433
1657
1825
37
2233
1153
1153
829
913
3013
1033
1009
2029
889
1813
1933
2401
1669
1813
373
3577
2845
3469
2281
529
217
2929
625
2485
2425
1333
1381
301
1621
3673
2533
2785
1045
1825
3697
2521
2869
925
769
3757
1201
1165
841
1333
1453
1225
1141
517
913
1885
3289
3385
3277
133
2089
1933
3721
3481
2233
1561
1837
3241
2809
2881
1285
2725
1621
2617
2125
853
1057
1789
493
1909
3133
1945
3133
2737
925
2509
841
433
2113
349
577
2677
745
517
841
2977
541
2677
901
3361
241
661
769
325
3277
1357
3421
2809
3157
133
937
973
2077
2533
3709
3001
1261
769
3445
1849
3361
2485
2989
325
1465
49
1777
2005
1189
1141
1585
1429
1801
829
1753
3553
2185
1393
2581
25
1
1981
997
2077
733
3169
3553
457
2413
3217
769
1993
385
3757
793
313
2269
2569
2317
3457
3709
2377
3349
205
1669
3565
2221
73
1189
3265
109
1189
1465
1105
1729
661
2749
1501
1117
1381
3181
1897
3373
3565
1873
385
2341
2617
1417
889
2293
3601
1729
337
2269
3397
121
2953
3469
3553
2437
2041
961
2365
1621
1165
3025
589
1129
361
1969
541
721
25
2569
1069
2665
1141
3685
301
493
661
2365
685
997
853
301
1129
25
2233
901
925
2749
337
3289
589
3745
2533
1177
1093
1369
3145
1633
553
3169
2677
1621
517
37
3769
829
2773
661
1657
3457
121
2521
2221
3493
1009
673
2869
1945
1885
1669
3697
2473
1633
925
3649
2725
2293
1477
2833
2845
3121
193
2941
3637
229
2929
2929
1465
3589
817
1141
2185
1801
3361
1897
2809
2497
985
3217
613
2653
3145
1549
2749
289
3673
169
1045
1369
1465
2353
2953
1657
1513
1285
349
673
433
1813
2725
1249
1417
1129
1513
997
1501
553
1957
2485
2233
1033
3613
61
2593
1045
2593
2485
1213
3637
2317
2677
2221
1501
553
3733
1249
3145
2869
1681
1177
1825
1405
2593
1417
2917
2053
2917
1933
2485
97
2641
3517
2173
2701
793
3217
1525
3277
2905
1381
289
1801
2065
253
829
493
1501
193
3361
3181
3625
3649
3049
901
3541
661
1429
1141
1057
133
3481
3697
3649
1873
2629
673
3565
373
2413
1153
217
1165
1417
757
1417
2245
1249
2917
913
3073
793
3001
2953
2305
121
1177
2965
1549
2317
253
145
2029
2413
2269
2365
1261
2941
613
97
37
1765
2569
3457
3193
3325
1093
121
793
2485
3277
2329
1741
2497
3745
2509
1093
1141
1705
1105
1933
421
1261
181
2833
3529
1009
2569
1153
97
2665
3433
1861
1453
3109
3517
3241
2677
3649
253
3625
3145
1057
1585
337
1021
313
3673
2173
481
997
325
3145
721
2749
673
2713
2221
3241
2329
2317
589
1993
409
517
3565
145
3757
925
2257
2485
769
97
3541
817
433
781
1141
325
1417
85
3565
1741
3241
517
2953
2377
1693
1405
1837
253
3721
889
709
2593
1405
2737
1213
3637
3673
1933
2341
661
2029
2101
1489
925
1345
1093
1249
2773
1177
3289
2977
2881
2269
625
1477
181
2029
1777
433
433
2677
3385
1501
2545
2353
2713
2401
2245
3109
3205
1369
1369
1525
1321
2293
1345
2413
2017
337
2065
1525
1777
3409
13
2401
1117
2437
2893
1357
1345
1801
2497
949
3301
3517
3301
697
2137
229
25
1573
1609
1393
1561
2929
2161
2905
37
397
1705
2101
385
3493
1729
2641
577
1309
1297
3481
1141
2641
1501
3637
2065
3265
3373
49
181
205
289
2449
241
361
2317
1801
1753
697
3181
1789
3337
1105
2353
3721
3061
2557
1045
3649
85
2341
1813
1225
3457
3313
3337
1741
2797
1393
1789
1441
1597
541
2353
301
901
889
577
1129
49
3757
2917
1849
3325
3745
1789
1081
2521
2833
949
1069
3649
2761
769
3325
757
325
3529
2017
181
1
1921
253
553
493
553
3697
1393
1129
1045
3685
3349
2437
1765
1369
2401
2017
2449
1141
3325
3397
673
3193
841
1441
1201
1597
229
949
2077
421
3193
217
673
3745
709
3469
3673
565
829
3181
2725
2641
1837
709
229
2701
1189
2677
2305
733
757
2989
2389
1597
649
2053
1657
3133
1465
2197
3553
889
2413
2689
853
1597
2377
2989
625
1669
865
3349
541
2701
277
769
1633
3721
1921
2401
673
2677
1609
1537
2749
733
3589
2869
85
3529
1297
3637
637
3709
1009
3733
3769
3385
1417
625
1285
2281
193
289
3445
2725
1057
3541
2665
2977
2173
1801
349
2245
3337
3097
2977
1621
2185
3061
3613
1945
1381
2713
1885
2389
2665
1873
469
2545
961
1753
1045
1165
2041
721
109
1561
2725
1237
3013
1117
3037
1825
3373
1069
1141
2569
1153
1789
325
985
3745
169
3697
313
1033
1045
649
1501
3601
1621
1717
3109
1249
2221
2293
3601
2245
1249
1057
3721
2365
2557
1765
421
2089
1369
1465
3241
1633
253
2689
61
421
1069
373
3697
2125
3265
3661
409
3349
61
1981
817
745
505
2881
3001
217
157
1405
1045
1189
3181
1477
3277
3013
1405
1213
865
1657
121
925
2077
3445
3541
469
253
1501
349
661
1069
421
1105
1897
1165
73
997
2629
289
3409
265
1345
3061
1909
1285
1021
1141
2689
2233
481
2809
829
3649
3349
493
1885
37
2989
3385
397
3649
673
817
3217
1033
445
3301
2041
3085
2053
133
3349
1861
1657
3721
3145
2677
1081
517
1141
25
3325
433
3685
2905
3169
1789
1405
2377
1393
1801
709
529
1081
145
1573
1537
3445
2077
3085
193
673
1117
2053
2329
1057
3673
1225
2137
409
829
637
2209
1261
541
3577
649
793
1201
3025
649
1477
2197
1177
2557
2353
1213
2557
481
3289
325
673
181
1441
2737
2509
2497
2629
2209
3109
1501
3037
3745
2173
529
2749
433
3421
3541
109
1141
409
1585
3337
49
2605
1909
1273
3637
865
781
181
1
3217
1633
2737
409
2593
49
1081
1921
25
349
349
2197
3121
3097
2641
2761
1321
2749
121
193
2797
1933
253
1621
2305
1525
1477
3169
769
133
3181
2449
229
601
1333
2821
2905
2413
3217
2929
2761
3565
1345
565
1357
2449
3337
2677
3661
1921
2881
2677
2317
1597
2773
853
1585
2713
2485
817
2845
349
3277
3073
961
3073
2125
2329
1705
1561
1477
2941
3589
1285
3505
1165
3745
1525
2317
2089
3457
3661
997
1993
1477
3769
1309
1525
2701
25
2341
241
373
301
3313
3577
3373
121
2125
1309
145
3601
2713
3745
3361
2437
3373
1789
193
373
97
2113
253
3337
2569
193
3325
109
1717
721
133
2533
961
505
2833
2737
313
2437
1333
901
2209
1477
2977
1141
3685
2557
2041
1753
2809
2233
2125
2905
565
853
2473
1609
3289
481
1717
3481
3445
1849
2233
2869
817
1285
1837
3373
2185
3169
505
2857
3109
3481
217
3025
721
2269
3241
3529
2965
1585
1117
2005
901
3589
3613
421
2545
1549
121
2209
1861
2353
1309
2677
2101
1609
745
2761
3241
1249
1837
2569
3193
529
277
133
1261
3517
2125
2689
3577
3241
913
697
1525
2989
1117
289
3001
1237
2497
1081
2053
2269
2233
2629
97
2977
1609
3337
2689
1909
601
565
901
877
2941
2161
2869
1285
1081
2665
745
457
3361
733
3457
2953
1021
1141
2653
1993
697
3181
481
2929
2029
2833
589
2101
853
1741
2473
1453
2305
3385
805
1465
1765
3673
1213
1309
1021
421
1777
2845
1165
3697
2017
2185
1057
3145
397
217
2545
3133
3145
3037
649
2197
1357
1501
157
2293
1429
925
1897
2233
853
2137
589
2065
3445
1609
2497
3685
2917
3661
2065
3409
2065
1597
2773
937
1813
1
2533
3433
3037
3181
1849
2857
3145
481
1369
793
1405
1741
3025
733
97
2077
2797
2005
2149
1513
385
1297
1393
913
925
1933
2509
2161
1333
2797
2161
85
2449
3661
1729
2761
1201
3337
1705
1033
361
1585
2773
1849
2317
1333
157
1333
3349
2305
2857
2197
2065
2713
3109
1453
865
1849
3613
661
3109
457
2989
1777
2581
3181
3001
1
2749
937
1045
3109
2521
2281
3421
1057
3625
2041
2389
1657
577
3709
2317
1105
1117
1645
2569
445
1957
865
1117
1285
3577
325
1525
2377
3517
757
853
949
1693
361
2521
2677
2641
2161
2197
949
433
805
1069
3253
2989
3385
577
325
1261
1609
769
1681
2485
349
2977
2281
685
721
3121
2665
3721
193
3613
97
553
2353
2773
1669
2977
1189
2617
1873
469
2161
1345
1921
229
397
709
3733
469
1477
1645
1417
1837
841
2161
985
25
1513
2113
2221
1705
409
2317
733
2761
3565
2401
421
973
3481
2305
3685
1861
2113
289
565
2509
997
517
1453
949
2161
2869
2785
1465
1261
2233
3745
2773
565
2185
2941
973
721
3673
2197
505
757
1081
3733
469
3385
2101
793
1729
2401
1357
2701
3397
1885
2617
565
265
1717
1813
205
2977
265
169
433
3073
2353
3373
2509
3073
1741
3169
2053
2497
481
2005
1429
85
325
2233
277
2725
2053
1453
817
157
289
1381
2677
469
1669
2881
3445
397
1513
2341
3481
85
409
673
1621
2149
73
3673
3109
553
1897
769
2881
697
1465
1633
3421
3517
3085
2701
2149
1837
313
1045
2317
445
2389
445
841
121
2797
2785
2449
3205
3469
289
37
3541
193
3145
2557
553
2377
1657
1249
61
3289
3145
2053
1057
2065
421
2905
841
3709
3685
1285
781
349
601
3145
3145
3385
1813
1033
1537
565
3313
1297
3001
2689
73
3565
3529
205
3277
2065
3493
2641
337
781
3181
3001
2149
2485
1393
2053
2245
637
2401
2845
1
241
913
277
3517
2461
841
3061
2221
73
433
769
2101
181
973
1597
709
685
469
1045
3709
2113
2509
2077
817
2365
349
1525
3001
1225
589
3001
1465
3757
1741
1201
2437
2593
2725
877
1129
3157
109
3229
1813
1081
3289
2521
241
2221
2041
169
553
769
721
3625
1609
1069
1369
829
757
433
61
2221
409
265
1897
1309
2857
841
649
2449
2473
769
361
505
1849
3661
3025
553
565
1285
733
1129
529
3697
3217
2137
985
805
2965
217
3481
1489
2437
2353
1765
2797
3661
3085
2113
541
229
805
3553
589
1309
1621
2713
2797
2185
3289
313
1381
2881
3085
1297
2317
1441
745
1585
2869
961
3541
589
1873
2113
817
889
2005
2365
3001
1009
2593
2269
781
1657
2041
865
2833
1069
1513
805
3625
1357
3685
2929
2653
685
2833
1873
745
1921
1297
505
973
3169
2617
253
2533
3085
2629
217
2557
1441
2497
1801
1561
757
1141
625
1825
1117
1429
133
2485
3589
3061
3601
493
2113
1693
3481
265
3001
205
3481
853
1297
3745
3385
2845
2593
2077
97
2497
793
1897
289
13
1501
3157
313
2629
3049
445
1333
2857
3517
1153
1825
313
1321
3769
2821
2785
205
2533
2101
3745
2497
1717
1273
3553
2257
1369
2269
3049
1741
1021
3061
3241
2641
1837
2089
1921
2293
1885
3241
493
1513
3529
805
2833
3529
3637
301
3733
2389
2401
2161
1105
2581
3433
3121
1057
3277
1609
2569
1237
1105
325
697
3745
2161
1261
1885
673
1609
3601
1165
3121
3349
1981
637
3097
1837
937
1513
2689
1813
2137
2257
613
1801
1597
145
1297
1669
2713
997
2773
3037
1693
2749
1429
1417
3097
565
3037
1381
1741
841
961
2185
1489
2521
2485
2425
265
1393
457
2401
3649
3325
2665
3709
3469
2425
1597
865
3421
601
133
3589
1813
25
3469
3373
589
2725
985
793
2041
1945
2977
3529
2929
145
637
3193
1537
3349
289
3649
2893
1417
2041
1045
73
3649
373
1957
2713
505
1765
745
2773
1465
2581
3373
2653
3565
2629
913
193
301
661
3133
445
3553
1009
457
3121
1297
2569
697
1189
841
205
3505
709
577
1681
1885
3337
3457
1093
2329
1141
3673
1921
13
3469
781
3181
3661
1081
2305
3013
3769
2077
253
445
1417
13
3025
577
3445
2329
781
3169
1501
3613
1081
3385
3169
757
697
1717
361
589
3649
2617
2521
2893
2017
2413
2437
553
109
2425
1093
2605
1345
985
1093
589
1561
757
2917
817
157
637
649
1237
2485
37
1993
3181
217
2353
2233
85
1189
985
1441
1681
3397
2341
2233
1969
997
3325
805
2341
2773
1897
1393
565
2653
2773
3625
2809
3409
493
2509
2113
2773
721
3757
2989
1537
2209
1549
1201
3193
1453
2881
1273
25
3577
3253
1021
3121
2521
1825
589
637
3217
1153
1753
2209
997
3037
301
3733
1765
877
1189
961
853
397
2497
1525
409
3697
949
1873
2797
685
1897
1057
157
1381
409
1141
3205
3241
241
1105
613
2005
1777
73
3505
2077
2269
1489
1417
3457
2449
733
2317
3421
2257
2737
1801
1669
3073
3073
2365
1189
349
985
1033
3001
2137
457
2461
841
25
1537
2845
1801
1609
2569
2341
2341
2533
3757
2017
3445
709
2809
3085
2965
229
1117
3109
3301
409
1693
2953
3001
1141
205
2233
1741
2905
913
2593
2929
2461
121
3193
2533
1165
1753
1105
3697
1729
1585
3361
2437
613
1141
85
3085
2257
3193
2605
1129
3349
241
2593
2965
445
1045
3169
1813
1969
1981
3205
2893
577
2617
1645
1741
2833
1213
1657
3025
2809
1237
145
1885
2377
241
1201
3097
1897
2269
2689
3721
2521
1513
2905
1429
1021
2293
1717
1453
2749
1141
565
3325
2233
685
1285
3529
1897
1405
2785
925
2641
2929
1285
3493
1633
2485
1273
3541
973
2437
3481
1957
2413
1069
3397
3433
1825
1333
1117
793
937
145
2581
1633
829
2329
1393
2737
3733
397
2125
1069
3325
3409
3025
1189
577
2761
3193
25
1417
1357
1981
2293
2425
61
421
2713
3637
1
1981
3049
145
781
901
3229
3121
2293
2185
1537
1153
2773
2605
2953
2413
1849
361
1453
841
2017
1477
721
3373
1933
1489
481
1993
1909
3193
325
373
1393
3373
517
649
2737
3745
2233
1261
613
3769
877
3397
2605
49
493
2917
2653
1945
2221
889
1897
1417
481
49
2905
3205
505
3277
2629
829
3649
2485
2665
385
3133
1633
2605
1585
1357
1681
1585
697
3541
2653
757
2497
1789
3409
673
2485
529
1033
121
3253
1081
3025
2689
1585
2521
1
889
2389
2485
2017
1237
1849
3649
2305
3433
3469
2461
3481
397
2221
2353
1153
949
2617
3025
85
1321
2017
1117
3685
3745
661
2929
1117
2245
133
1117
1597
985
3601
3625
2221
133
1957
3001
2041
1657
1681
1741
517
2365
2569
133
3313
3649
3157
1861
3433
3649
1441
3337
3613
2101
949
949
577
1081
2065
637
529
349
481
1213
493
2449
433
2533
2569
577
2737
3085
2953
3769
3217
949
3637
1057
1285
1753
925
2725
1309
3001
1057
721
169
97
265
697
733
793
3301
3469
2017
2257
2137
913
1009
3169
1501
2209
2473
2917
2209
373
2329
529
3673
3613
2293
3073
2569
2065
2293
3625
2797
937
2185
3061
97
2917
85
3397
2605
565
1873
3205
1477
1345
2593
1441
2029
3529
577
457
2365
2917
3229
2269
2749
1741
1561
1
37
2317
2089
1297
1717
493
577
1825
1885
2905
3685
709
1933
1789
2389
3421
1597
3445
1081
3625
3205
133
2545
1789
3049
2005
2521
481
3745
2545
493
2245
1093
1045
2005
2809
1549
2593
3097
3433
181
3013
2605
2125
1021
1213
229
1081
889
1309
937
2557
1441
3481
2809
2953
169
1561
1909
145
325
2401
853
3661
3445
2869
2701
3457
145
2017
1573
2569
3493
409
913
733
85
1141
289
3217
925
3469
1993
829
3169
1033
2257
3349
1057
385
1957
1381
1249
1273
1273
3157
361
2437
2845
2749
2917
637
1549
2641
3289
925
1837
3385
2077
2125
2821
1465
1813
3289
757
3457
2785
3013
1489
61
3397
3445
1441
3109
3181
1177
2497
2017
2077
25
985
1225
661
2533
85
2425
3469
1921
2029
229
2521
3313
157
553
1285
913
2473
289
157
181
349
2017
2089
265
1357
1501
3685
2317
3517
1993
2341
2965
3217
1465
1729
1765
109
3661
3685
601
2353
2425
2389
2509
1453
3673
3421
145
193
2041
2581
2785
2533
889
1513
2353
853
1429
889
2833
3421
3229
2029
1321
3157
2221
3085
3277
2101
1453
2341
2917
109
949
1645
25
3097
3529
2413
3289
265
1213
757
2797
577
2281
1369
3673
3709
2257
2737
1813
169
985
3133
3325
3205
2437
1285
3769
109
2101
2905
2461
3049
3013
949
829
2761
3373
337
1489
3049
1105
505
2089
1849
1873
1993
1777
2593
949
2053
1225
397
1405
781
2065
2305
529
517
877
2629
3421
1813
373
1117
2761
3445
2341
817
13
61
2341
3361
565
2893
1429
913
1105
1669
1969
517
3721
3205
3157
3589
2449
1441
2113
2977
1957
1453
301
61
1729
2917
3421
2965
2581
1993
1
1057
2053
805
2881
1081
3709
2773
1993
3277
661
193
25
2845
3397
3181
1117
529
3097
3229
1969
3517
3157
2269
2053
1105
3649
1693
289
925
3685
2545
445
1957
1813
3337
3049
205
793
3505
3493
3709
2161
1981
1237
241
1381
2365
769
2941
277
2749
2689
3433
3481
961
3013
1825
2653
3301
1213
1033
529
1657
1453
2353
3457
2965
2557
2725
2701
733
2653
1081
2713
109
3577
2569
2473
565
1729
2761
3313
2881
877
1489
61
109
3313
1189
1885
745
685
2413
865
2137
3229
553
1333
481
3277
2497
1213
613
2041
157
721
1837
2725
1669
2413
2917
