2206
736
2776
931
2431
571
2761
1036
931
3886
2626
2176
3616
2491
2836
4636
3916
241
1471
3241
196
1951
4381
2926
3601
3271
1381
2146
1756
3271
2296
2056
4006
346
2986
4516
931
1021
826
1861
3001
3466
2116
4696
1231
226
4606
3226
3271
4156
4561
3466
1396
2296
4486
271
841
1141
496
2611
2491
871
2746
4576
1231
1006
4366
241
106
481
181
1186
2026
2296
1156
1336
601
3841
2641
1966
3286
2476
706
4681
61
3271
3031
3706
2491
1606
1591
256
2491
2416
106
1801
1501
2566
2041
1621
1126
2221
886
3151
2596
2056
2566
1276
1171
481
3241
4456
2971
2041
2491
1111
586
3601
91
3091
496
4501
1426
1066
2191
4351
2866
3706
271
2986
3406
1396
481
2371
2626
1156
4426
466
2431
886
946
961
3421
1996
1081
1201
3106
1666
76
1291
2836
3376
3871
2356
4441
4141
61
661
1201
331
3646
2686
1726
2206
346
4351
3361
46
91
3886
3736
1036
2926
2446
1126
4006
1726
4231
3751
4606
3601
1876
1351
826
2311
3871
256
2371
4546
1456
2701
3466
4156
4426
961
2581
2131
2401
2626
2221
4366
4456
1336
2566
2176
2461
4651
1981
61
3691
4666
1741
3646
1291
2581
1231
451
2836
3601
3076
2371
1576
4621
1801
4081
3661
4381
1486
1351
376
3706
3796
106
3121
4456
361
871
4381
421
3736
3346
361
751
346
4471
1411
1576
3001
4246
451
1351
1906
106
4051
1786
4186
3001
4261
946
2431
4636
2731
1501
2821
1141
1231
1261
91
901
1681
3826
2326
121
2656
2686
4591
4081
2341
946
1681
886
376
3586
991
4441
3466
466
2716
3001
4216
421
991
2236
1
3811
1456
1246
346
1546
226
106
3451
631
226
4186
1396
2911
1621
3751
3856
3316
4636
4246
256
3706
2041
3721
2251
2836
76
1756
1336
1066
2071
1336
2956
3526
661
1381
346
886
1486
1876
4336
4531
1336
1006
2716
2971
2836
4651
1561
826
2251
4621
2626
4291
1711
151
2401
1786
1906
3736
946
3976
3166
1981
2776
3826
3376
1201
2806
2941
3076
2416
2746
2506
1501
3541
3556
2431
3481
391
3256
1006
3091
1156
3391
76
4126
3871
1876
1306
976
901
3376
4141
2881
4231
3241
1531
3526
4126
2566
4681
1816
3391
2461
3331
2221
1291
3841
976
4486
2371
61
2866
1621
1531
1021
1021
691
2896
406
1666
3796
1861
1081
46
1381
2401
1576
181
1816
2221
136
1711
901
691
3121
3121
61
2236
2176
2641
2701
316
781
4321
1861
4606
3421
2551
871
1906
4216
2746
3781
3376
2791
436
3856
4381
3421
946
1876
1636
751
856
406
3871
3976
481
1396
1426
3121
2176
1756
1981
4576
3616
1861
3271
4246
2731
3256
1816
766
2311
466
1636
826
2401
1291
4246
1441
1261
3976
2191
2116
4381
1336
4186
2941
811
3691
1336
2986
3526
1396
2836
496
3271
4186
16
4081
2731
1831
2926
316
376
4576
1156
2791
3946
3481
4231
3286
811
1696
3496
481
1111
2956
3421
1936
1
2851
3001
3541
4246
3931
4036
871
3391
4066
241
1396
3976
1246
4531
4366
3901
3766
2431
3136
601
16
1696
1426
1711
3271
4711
901
4306
3406
2836
4321
4336
3931
3136
3871
3136
526
2821
1801
4591
1141
1291
1936
2401
3901
4381
1576
2941
166
2791
1621
181
2581
3046
4696
1126
1111
871
721
2611
1801
316
2221
1006
1531
4171
4141
2056
2281
4021
16
3421
3391
1951
3901
2566
1606
766
3586
1771
3556
496
31
1411
1621
1
2551
826
871
1351
3436
2671
4471
931
1756
1276
3196
3976
3331
751
3286
3346
4171
1951
3376
3361
2611
3061
2206
4276
2911
3841
46
2941
541
4486
1021
1171
586
1906
601
2101
2656
346
3031
4426
1621
1501
3676
3031
331
316
4471
2596
361
1201
4036
1051
4276
1516
601
541
631
3466
3496
3976
3226
2596
3226
1891
4501
3826
3991
526
4171
376
3031
3871
4696
61
271
301
3196
16
976
3556
1216
286
4606
3571
4606
481
4126
526
2026
2896
2581
526
766
1096
496
3361
3001
2566
1966
541
1036
3076
4411
1006
3136
4681
4111
4411
2776
3181
3241
4006
3466
1201
931
3361
4501
331
1966
1801
3226
4546
421
2086
3721
3721
3526
2011
4381
3571
631
691
1921
316
4501
3136
3091
1966
2836
3946
421
4156
1306
3901
3451
2251
616
3226
2581
2581
3106
3901
481
1606
4066
4216
616
2866
4306
271
4516
211
3766
4516
3331
3541
2926
1696
781
3841
3736
4021
3286
316
3196
91
2566
3811
1396
436
4471
4501
4336
226
1396
3676
2521
91
4621
2101
361
2491
2311
2206
2281
931
1021
481
706
4606
2416
2521
3901
3781
2851
451
3871
691
2341
541
3931
166
316
3541
406
4516
571
2926
4606
3271
316
3046
1036
706
526
3316
4441
4351
1891
3241
2326
4306
1036
4306
3361
3886
46
2506
2671
466
1126
1876
646
1441
3511
1051
4051
4081
2056
2011
721
451
346
1756
1171
3676
3166
886
1396
331
2206
3721
4636
3256
3301
1351
496
1426
3856
3166
4711
3061
331
631
4501
3841
4486
1906
1276
1816
3931
76
2281
2356
1846
1531
4111
286
496
781
616
2716
2581
3331
4051
3976
4681
4546
3481
1891
3001
3466
226
1411
4096
2806
3331
1936
1
4606
3766
2011
4696
4126
4366
4621
931
1831
2986
4231
706
1681
2221
3286
286
1546
616
3046
1381
4111
211
2461
931
436
3871
3121
1321
2476
331
4126
436
2176
1411
3211
1576
3856
1186
586
976
4171
106
1681
1126
2326
3046
4216
1966
1756
2536
1426
1141
2746
1966
151
1261
1111
3271
676
1666
3616
76
181
1066
4306
1486
736
3436
2671
1321
2491
211
1426
2251
1336
1846
3391
3646
1891
421
1456
3316
4366
2296
556
4516
1636
4471
3076
2311
4216
46
2401
2476
1111
1981
3961
4651
3496
1921
1261
4081
2131
2686
1606
1546
2611
271
466
4501
3496
16
1171
3136
2311
4531
2941
3946
2356
4096
1546
1846
2221
2026
4336
1411
2086
1651
1351
856
3571
2611
211
3781
3376
4636
3421
1276
2986
3886
3856
1771
1981
316
181
4291
2926
1201
3526
571
3376
3151
496
871
451
2911
2296
616
4576
1726
1471
3421
4336
4501
571
1066
2491
3991
2341
751
1231
4291
2521
3226
4606
796
871
886
76
2476
1456
3466
901
1966
2416
4156
151
2791
46
1
4516
4336
1516
2206
4111
2086
3286
4681
4156
3706
706
3466
3271
1321
46
1231
2116
931
2131
271
3406
1666
1816
2401
3631
4246
1831
1876
391
1891
4681
3001
4306
1471
3286
3691
1636
1846
1726
3871
3646
2431
2626
271
3751
751
4321
3946
4486
1726
4231
3181
3391
4126
856
391
3646
766
346
2131
736
301
406
316
1786
1771
2086
1501
1711
3811
661
631
1531
1366
3706
3361
196
3301
676
4696
3106
2986
3151
1786
2386
2086
256
4126
2851
601
1531
1681
3706
16
1996
766
1786
4096
361
3496
3181
3826
2206
2791
466
1201
1441
3466
4501
196
3436
2896
3181
1861
2761
841
2026
1096
241
2971
4501
4576
4651
3481
4591
1921
2341
4471
1291
2701
1321
2566
4606
3541
631
346
2821
151
1891
2596
346
616
3571
3526
556
4411
2461
2596
781
2701
3646
3361
646
1651
2131
511
3571
4471
3061
2956
526
4396
796
406
1291
4231
3556
4111
4396
721
61
16
1336
1726
3556
4711
1411
1291
661
286
2071
4306
3646
2716
1231
3856
1321
2881
1681
2461
1111
2206
211
4711
691
1501
2311
2326
3691
1981
1141
3766
1996
556
3571
3631
541
256
3001
1201
3346
3166
781
2281
3961
91
4216
556
2986
1186
1111
2176
3391
1321
256
2176
2836
2566
4501
4606
4546
916
1726
4621
1486
571
1621
2026
3646
4621
1321
2266
1141
2101
2626
391
286
2131
3751
3271
3316
136
3526
61
1471
3781
2236
2386
1621
106
2266
4246
3826
4006
4156
3391
4576
3856
706
3496
3751
106
3856
2986
286
1756
3376
571
3886
2401
3841
556
2551
736
631
4021
4516
946
4486
4231
1051
2026
3751
2971
4111
1261
1636
3976
391
421
826
2236
526
2761
496
826
4531
3871
1396
1771
4351
3331
2341
2176
4066
1051
4276
1936
1996
4036
1441
1141
4156
481
4111
3541
4546
1021
871
226
1456
4516
2461
1981
2551
1036
2806
2356
181
2296
2221
2611
901
4561
76
3046
886
2431
256
961
1756
1711
2101
3991
271
1486
2806
91
2521
1771
3121
3976
1561
856
4036
4111
4696
2131
4561
2956
2506
2056
856
3406
4696
931
4531
3661
1441
61
4621
3196
4576
2011
541
2926
1576
3361
1111
4096
3211
4231
1426
46
376
3556
2236
3151
961
2071
1396
3466
2206
2251
226
256
1261
2836
3916
2701
976
1906
3991
841
1996
4531
1846
3571
1246
2956
1036
4456
2476
541
4501
931
4096
2026
4081
3136
2176
751
4681
2476
3001
2986
2731
4261
1096
16
2251
2086
1921
1516
1006
1996
4126
2851
841
661
3901
4681
391
1651
3316
181
2581
766
286
16
3916
2461
781
1951
211
1861
226
1036
1411
1321
1051
1741
1486
2971
1336
571
241
736
3436
3886
1396
2611
1936
4606
2341
526
61
3001
1291
3151
3016
3286
886
3796
526
3916
946
751
226
436
151
4081
256
4456
2326
1591
301
646
406
1816
2611
4621
2506
2626
4501
121
3151
2641
3121
2536
3871
1426
3901
2836
3301
4426
2026
4246
3256
331
2761
1501
4411
3016
4036
91
2686
4336
3541
1186
4246
1441
1081
2026
4066
3661
241
586
4381
3361
1201
3526
2866
376
1636
1456
2896
1756
3781
4231
166
1831
1006
4591
121
3121
2761
901
2746
1591
2086
2266
1111
1246
2371
451
2986
2611
3841
721
4066
316
4246
2206
3511
3961
1741
1681
3796
811
1186
3976
721
286
1921
3646
3406
2761
4546
4231
4351
4711
4576
736
1231
2236
4006
4216
2926
1201
211
2266
1531
2536
4486
316
4591
4306
76
1741
391
4066
3796
1111
2431
3796
2851
3931
1846
2671
3436
4276
2671
1381
301
1981
1696
2386
4291
4621
3586
4501
2176
3196
406
16
1591
3076
2401
1666
91
2806
3826
1981
1996
1531
1051
2926
736
2896
886
2266
541
1636
3646
841
3616
616
1306
3181
3316
2971
1051
3571
1456
4261
1666
3046
691
4081
2806
3586
241
1906
841
2236
3436
4711
451
2266
961
4141
4531
1501
3856
1531
421
826
226
1726
4021
3541
4711
3151
2401
4246
766
4066
2566
1456
1501
3451
316
1741
631
3976
2071
2161
3961
601
2506
196
16
2311
1711
1951
1921
2131
2776
2146
1951
151
961
1936
1381
1441
1456
2146
3601
2101
3601
376
841
2011
2131
4276
4066
2281
1711
3301
2881
4216
1576
976
4606
3286
2926
1801
3511
976
3946
736
1141
3001
751
2521
4441
286
2761
3316
2386
4441
1786
1306
4531
1996
871
3871
4276
661
2446
2431
2971
4036
3406
2851
676
1606
2746
4186
661
1966
3001
4606
3046
3751
496
2776
2116
3256
4171
2596
1051
1231
3901
871
3226
2851
16
2776
3526
556
3286
4576
2671
1966
781
3346
1651
3526
901
406
3586
1981
3091
1906
3826
3586
2761
1216
196
2221
3811
1261
1531
1081
211
2851
3931
226
3706
811
3586
2281
661
1531
2326
1456
2971
2071
3061
1951
556
1921
3931
3646
1921
3031
2521
4681
4261
796
256
1426
136
4606
2506
346
2731
1726
586
4516
616
4171
151
1291
3796
571
826
2041
2641
3886
2071
3196
3901
1276
2116
1096
2401
2716
1051
16
1606
4126
1441
1741
4006
3961
2101
91
3766
766
4606
4381
3016
46
3751
2086
616
4576
2206
1336
1831
4276
2611
1006
3646
2806
2101
1321
3616
1231
1336
496
631
2776
2236
2716
91
4336
2806
3856
3181
781
1606
1486
3631
631
3571
2326
3301
3871
3661
406
3421
4351
1411
2341
2431
1591
1741
1321
2821
3076
1816
1546
3946
2146
2341
2116
4561
436
4066
3031
4021
946
4516
2926
4381
3361
526
2956
586
4186
3361
4021
3811
2851
4441
4321
4441
1471
931
631
2626
826
256
4651
2971
2596
136
2821
1111
4201
1126
406
3226
916
3331
2881
2356
1936
1126
2956
4201
2566
331
3286
706
2851
976
421
2401
1906
3856
3121
811
4111
1126
1876
76
1261
4696
1186
3541
3901
4411
2041
2896
1096
3016
3331
3046
4141
4366
2521
1981
4696
3901
2686
916
151
1201
3316
136
331
1711
946
4456
2851
901
2611
2191
871
3796
1021
2851
1561
1141
1021
2671
4156
4366
3796
1651
2086
1591
1726
151
3571
2491
1066
1801
3691
4381
1936
2116
4186
976
4651
391
1876
2536
2581
841
4411
3601
3691
1261
2836
2806
2011
2266
526
1081
2011
2611
751
3736
2761
4336
1501
3826
1411
3286
1576
1441
676
1036
2416
601
1426
2371
3136
2086
3211
2821
3781
271
2161
1891
3076
4171
2236
1681
526
4246
4291
1291
3256
421
3706
2851
2326
391
1411
3901
1831
2086
3016
2326
2686
2521
2791
3901
4621
1276
76
3676
4351
2251
3646
781
1696
1156
2461
2236
3496
121
3526
106
541
586
2956
2866
976
2446
136
901
4531
1231
1306
571
3766
4096
4471
1741
3466
2641
3496
3091
166
2416
1966
1861
1651
4426
4096
3226
4546
976
3346
3166
1561
4381
4126
631
2116
2341
4336
1
3571
3721
586
691
3106
3136
2431
4651
1051
1201
1096
4021
1696
3061
1171
1441
2776
3346
4666
676
2416
1366
3856
2056
3841
1336
766
1231
3676
376
4036
2521
4111
2701
3226
571
1126
3736
3301
256
226
4396
4291
1
2746
3541
1441
3601
2161
4201
4276
2656
3646
1486
1
2761
2821
766
3991
4576
3961
1396
2386
1426
4096
3691
1996
3301
2701
571
1651
1006
3046
4021
3826
1066
2836
541
2746
3076
2821
391
1021
1756
1876
3826
4516
2791
4591
1876
2641
1906
3271
3106
3331
721
151
601
4036
2866
3976
961
1951
2311
3061
1051
1456
1171
4411
4216
2326
2506
4606
1426
2341
4561
526
2146
706
3211
2101
3361
3196
646
4546
1816
4171
4711
496
3481
931
4486
2521
961
151
856
2026
4411
106
4516
1981
526
2296
1861
1951
2731
4516
571
151
496
1861
2251
1936
331
976
4576
226
421
4561
736
1996
3571
3301
4516
4531
3451
3466
4636
1216
1651
4426
3211
2176
91
3151
2221
2821
2941
2791
1051
3451
2731
1381
3466
1141
2356
3316
1381
856
1231
2116
2851
76
691
736
2701
2221
2281
691
1516
3931
406
1
4201
3301
3166
1696
1396
1381
2566
526
2911
3376
1906
1666
4516
4261
256
1171
3196
4306
1366
4141
4381
136
2956
436
436
511
1141
1966
2521
4351
1966
76
2926
406
1771
2401
4606
4336
2926
2791
1066
106
2536
871
2446
886
121
3721
466
4306
3136
2926
4441
1366
3376
2971
4681
2596
211
571
2221
256
646
421
3481
511
2821
3361
2926
3826
4231
4006
3931
136
151
4456
1021
3076
3451
4291
2656
1876
2491
2386
1321
3946
631
4096
1816
3646
2746
2116
3901
3391
2536
2656
1981
3436
4096
196
2536
3616
4201
4546
1831
2431
4276
2851
781
3016
2416
3451
2971
2986
3916
4291
301
2626
1741
196
1546
4486
2326
3526
1246
2941
4276
3226
4471
3646
3421
2281
616
976
196
2446
3406
4471
3376
2281
2761
3871
1006
1006
226
3001
3391
526
901
406
721
526
2986
1126
4051
4231
4081
3601
811
3826
616
2326
4186
4036
3301
4381
4576
76
2221
3226
2356
3061
2386
1441
2161
2611
4441
826
1216
3421
4036
1936
3946
2296
1156
3271
4606
511
241
706
2416
3661
3031
4681
2971
4411
4351
2821
2566
4651
4141
3001
2986
1801
4441
421
2491
2236
1246
3706
931
3376
3721
2956
3751
151
4321
3646
3466
4561
2431
3961
1576
3541
3931
4546
3226
1636
736
1081
1561
151
2161
4546
31
1891
256
2521
2206
4306
4306
1231
1036
1381
4186
76
1546
3781
1801
3091
1696
4231
2341
3271
3046
1546
1186
4351
3181
1921
3511
16
2071
961
2641
2101
931
976
2701
3136
3376
2281
2446
4411
3661
1921
2566
3286
3781
4366
1666
3571
3871
4006
196
271
3631
1381
4636
2086
1381
1501
181
3451
2461
901
3631
3391
1891
1606
4621
541
1966
2341
3031
3721
2341
886
361
4216
526
2026
3061
2491
4111
1336
2761
1096
2731
751
1261
4111
2266
1441
931
1
436
4561
1486
2326
4261
1381
946
4306
3721
3976
3301
4156
2941
3676
3646
3481
3781
61
4051
1261
1396
166
2356
4126
931
3631
1606
1276
3151
2536
4081
3586
451
841
3991
4711
301
3016
2386
2116
361
961
1546
3301
2716
3271
136
1786
3331
2266
3046
1
2446
3481
2221
1456
466
1906
2731
3631
2521
2086
571
2971
1021
2656
1051
1321
946
3436
1516
4111
2476
3061
781
481
1606
916
346
3016
3196
1471
1111
3721
226
3331
451
706
3316
3181
2416
1111
3346
1066
2161
4366
3721
3211
3781
2761
1
571
2146
2491
3646
2926
1051
3331
1936
1396
4441
3211
2866
826
2206
3091
2236
2656
1876
826
3916
4291
1936
2536
646
4096
2191
2446
676
4051
481
3481
4621
721
4051
1621
1726
376
241
1741
1771
2761
226
2716
3586
511
3901
1096
1246
1051
1921
436
3436
1936
2986
2161
4111
3256
4606
2866
2581
3181
1636
556
1981
3766
2191
3706
4156
511
3541
4006
3271
1846
2011
2131
2371
1186
1306
3616
316
1306
2146
3751
3241
3211
1186
706
4546
3886
1666
481
2341
1381
1036
4321
421
3226
1381
2656
1816
196
1951
361
2056
2041
571
2506
1306
1876
4201
1621
3181
1621
661
4501
2911
4651
3301
2731
3811
241
1291
4231
1621
2341
1906
121
3646
3301
2791
751
3496
16
3916
3631
136
4501
1411
1441
1651
901
3061
2926
601
1801
2701
3526
4546
1276
4336
1711
1516
916
1231
1216
1336
3136
4156
256
4516
2221
3811
3301
316
3016
286
451
2791
4516
1891
2521
691
3031
721
4096
121
3436
976
2746
2791
601
4456
2401
4321
961
1696
931
2191
1126
3991
1981
3346
3091
3361
1741
4186
3661
2191
331
3451
2161
2851
2221
481
1666
4396
3406
3181
661
1426
1246
4066
1156
1726
1741
211
3436
2671
2401
4561
1936
2461
3196
3106
1111
211
2566
2851
496
2896
4381
2656
3841
4681
1216
781
4351
4621
2041
3091
4126
1366
511
571
3106
2251
3586
1816
3001
4066
1651
226
1801
2926
1411
991
1231
2071
3841
1726
241
1576
2461
2161
4336
3691
1021
3976
3586
3061
421
3001
4441
3751
1651
2821
1276
511
2716
4291
2656
4366
2596
4456
2581
4006
736
3811
4156
2656
3616
4411
2326
1351
4651
1936
316
961
3991
1996
2101
4426
3076
4621
1531
2806
796
2806
3316
3511
2371
4051
1246
3046
3781
1906
421
2596
991
4576
3346
2686
2341
946
4036
2281
961
2446
1321
241
2521
1501
2746
871
4216
4276
3676
286
2356
346
1891
2821
4396
3136
3946
1531
316
4366
2221
4111
4231
841
2071
4651
4591
4186
286
826
4711
1606
1066
586
1201
3811
1456
691
1441
3211
976
3811
1636
946
4711
4111
2161
3931
3736
2476
1666
1231
4666
3976
2071
91
3901
16
2371
4201
841
2356
3886
1
2956
361
3811
2491
3856
3346
3796
2926
511
3511
3871
496
991
1321
2506
1
1876
2251
1231
1831
1501
1381
1921
3496
1396
4291
1051
316
16
3016
316
1051
3391
2221
1621
2521
841
691
3526
1351
2296
2686
4651
3286
4006
511
3286
3961
2776
2596
1066
2356
3976
1081
1126
3451
3451
256
3766
3466
3286
4096
2596
1951
4396
4231
2551
511
3001
4171
4666
571
2131
4591
3856
4216
3181
496
3451
1231
3091
2611
3601
421
3691
2806
3871
2416
3076
1006
1171
1636
3181
1846
1666
2851
1351
2296
1441
4366
1741
1381
211
3871
4051
2161
1441
2506
2656
181
1831
3841
2791
706
4261
1756
1591
1501
2251
4666
2506
1501
1576
961
3361
3241
3811
4711
3631
526
2431
646
4711
2656
2611
4036
2896
4051
4621
3631
2311
1726
2746
3181
511
376
3016
2116
1876
556
136
4381
2056
1726
616
3496
3046
2506
3496
31
3031
1201
691
1096
1936
1381
3211
2911
706
3106
1831
1111
2926
2656
4291
1516
3031
2596
1711
2986
3151
1861
721
3286
1666
1336
2071
2791
3841
3646
2836
226
2926
1606
1321
151
2986
4531
1141
1771
1006
2971
2881
2011
3721
2461
3526
106
3136
3331
3106
4366
466
3826
2926
211
3256
3076
3001
451
76
1111
691
3016
2716
91
1246
976
2716
2386
2761
3721
3451
3721
3811
2446
4261
2611
2551
2671
1216
3736
2311
4486
2851
3331
4696
1381
4486
1066
4636
4576
2176
3406
946
2986
3511
271
2041
4306
2656
2881
3301
4186
1891
466
1906
1426
3076
4471
2191
2386
1561
2581
226
4411
3991
3016
3871
3766
4081
3796
1696
4336
2476
2641
2596
4066
991
2731
3646
3646
886
301
3121
856
766
3106
2296
1936
931
2566
2401
2506
421
2626
2191
4426
3721
4156
1546
3076
1306
3241
2701
3781
3961
3376
1216
226
1381
2941
1951
361
3256
3151
1216
2101
1546
1591
4036
2476
4156
1711
256
2671
2431
541
2371
1426
4696
1996
2596
4081
3316
3376
1216
631
2026
2431
3661
1501
661
886
1861
1996
2131
3076
4096
3676
2761
3421
4231
2191
3211
2581
136
916
3121
586
436
1171
2581
3031
526
3976
1681
1741
4606
1786
2266
3541
3286
1006
2521
3226
3001
4651
4396
2371
1681
2431
1066
1186
2701
2371
3766
2851
1366
241
1516
1801
4216
2191
2911
2821
1441
4591
2656
4141
4471
196
1036
1111
1201
3556
4351
4201
1561
2101
4651
1321
2611
3811
601
586
1456
2446
1516
2821
2701
3046
2716
271
3316
901
3106
31
3586
1036
2251
3331
4036
3301
4441
511
211
2146
2791
4591
4246
2716
1186
2131
1801
1786
811
1336
4246
2326
4171
301
3451
241
571
2041
1141
1756
166
1
2791
2416
1411
2101
991
1141
691
4021
3286
3481
3886
901
4291
3151
1111
4171
226
1921
796
2551
2341
241
931
1066
481
1501
3121
4426
1351
3286
2521
4141
976
3931
4336
61
3151
301
2161
4531
1876
1321
706
1441
2551
4621
3691
2776
1831
4486
3406
4171
2806
4336
3316
3286
3931
1711
1081
3361
271
3601
2776
4066
2806
2386
2206
4051
781
4366
3856
2656
3766
4561
2176
1591
2536
1141
2461
2446
916
3946
4696
3721
1651
3301
376
3661
286
4261
2296
3376
3136
346
2716
4021
826
3001
3346
1606
2641
2476
2341
1681
391
2596
1351
1021
3736
3811
3466
2731
3046
3451
4546
4696
2026
3001
3631
391
2536
1201
3766
3751
4351
1756
3046
451
2836
4486
136
751
316
2476
511
3526
346
1876
4546
2176
3766
3286
2986
166
2011
2806
2941
2116
3886
4651
2521
1696
3931
1561
721
3571
1411
1861
2101
4246
1621
331
3091
1936
2806
1681
736
1246
3556
3361
1501
691
1936
4486
3661
2026
661
1891
2236
4546
1816
31
1531
3841
4396
2251
766
3886
2191
2866
1501
3811
3196
4591
3841
4096
4351
4576
3421
1276
3226
196
1966
3241
2761
901
541
3421
871
856
3256
781
886
61
4621
3376
391
661
2536
2596
1606
2116
4486
2896
61
3601
346
4426
1546
3766
976
2851
2041
1021
1366
76
1921
4711
1591
886
856
121
1666
4546
2986
1561
1276
1456
301
1906
2131
1906
4021
1906
76
4096
3586
421
1876
406
2266
2851
3256
2386
3871
2701
2476
3871
781
2146
31
4441
2266
1696
4261
3331
1336
3631
61
4441
811
2206
1636
106
2191
4516
2281
1051
226
4156
4276
571
2281
886
2971
4231
3601
3526
3391
2461
946
1501
2176
3211
1291
4516
4621
2626
3421
4681
2356
4231
241
2071
2431
2431
1861
4711
1576
166
2236
1126
751
2596
2011
3721
2116
3691
2521
3586
1426
1546
361
1681
31
1651
4291
4651
2371
2986
2686
2806
586
2941
151
3016
3451
91
1081
301
271
3316
1426
3826
4006
1531
2821
1396
496
3421
3061
16
241
3421
4501
3076
3166
4066
1081
3616
421
3766
1696
1006
61
4651
2101
3526
16
1261
3826
3091
2671
3346
2191
1951
151
3091
1426
3451
1786
4486
1546
106
1261
4141
3181
4426
3481
2341
3316
3901
4201
3091
2986
4261
3016
3166
1141
1126
4441
3061
2296
2386
1681
4501
2416
4636
946
3841
1441
2746
3601
1081
931
136
496
2206
2656
3976
4546
4051
1246
2101
2431
4231
1651
3526
2686
871
2731
481
3931
316
2866
3691
91
556
1681
1036
2476
1216
1861
1351
2296
886
4291
2791
3091
301
2041
991
4366
1366
3106
151
3691
2836
3676
1651
3706
1696
211
1006
2011
3076
2776
181
1711
2551
4021
4186
3766
3976
3616
1336
136
1261
4126
3226
1576
4246
4216
1216
901
676
1366
4591
3511
3121
4321
2506
91
4531
1591
181
961
4366
361
2671
271
4396
211
4036
3646
1906
646
1861
3166
46
361
16
4306
2656
4036
3286
3346
3481
3151
2131
1891
826
2716
61
631
2386
256
4396
121
616
2341
391
3091
631
4441
91
2536
361
1951
3781
3226
391
3811
886
3061
1201
4171
4486
4696
676
4696
4666
1501
2701
1
211
3166
256
4606
3286
3691
301
3691
2056
3736
1486
241
4351
4651
2191
3406
3151
2596
2491
2116
3736
3706
1561
3496
1756
316
3466
1696
4621
4246
1696
2911
2701
1966
2791
4066
3736
1171
1111
1066
181
2596
1306
4531
2536
1591
3226
3766
4186
3796
1171
1276
856
2731
46
2611
1141
1591
4306
1036
3931
4096
3961
4711
4141
106
4051
3151
1291
451
2296
4276
1126
3616
4096
3661
481
676
796
2746
4471
1966
2101
3421
2776
226
1306
3916
1816
3706
3046
3826
3076
361
3811
571
3271
1231
3721
4561
4486
1291
2206
886
2986
4381
2641
1546
331
3436
2371
2881
676
4471
4381
3451
4696
976
736
4606
2761
3781
3706
3916
2221
886
4486
766
2116
1561
3421
4681
2851
901
841
3931
3361
1561
751
1771
271
3136
4651
3751
961
4321
571
946
3376
1306
3631
1411
3166
2611
3406
3466
1576
3166
4231
1771
1
1006
1726
931
4711
661
136
3346
2221
3706
391
586
196
3136
2416
1156
811
2986
2101
2266
2371
3811
1756
3616
4516
436
436
1366
1681
4681
3151
4486
3766
2956
691
3766
3616
3646
2386
1126
2626
871
4516
2821
4006
2206
2056
2896
3286
2251
436
3736
1336
2191
2641
1126
2626
3076
2506
2386
1111
3736
2146
166
1966
916
2011
871
4561
2476
76
541
3346
4591
1441
706
151
3511
3601
3436
1036
2116
2461
2371
4306
3181
3511
286
4336
4096
2671
3541
3106
2896
1786
346
3826
3796
4021
3661
1546
4096
2296
2986
2041
3736
1771
2206
601
661
3721
1636
856
4261
2101
3256
796
3691
3541
421
3061
4306
3961
4246
2476
1021
2671
4381
2896
1981
3331
2521
4156
3706
781
1486
796
646
1771
1411
4111
3571
1126
241
1201
3226
3496
1996
271
406
2416
1411
4711
4456
931
541
3556
3616
211
1726
3676
1621
2341
1186
601
1201
751
1396
1846
2521
886
1231
4186
2026
1486
661
3331
3061
2656
3616
3466
3166
301
3451
976
4051
2086
4546
1021
376
4351
4696
1996
1966
1156
