1860
848
1442
1849
287
34
2784
1387
1365
2542
2289
2311
1695
276
1266
2960
2003
2157
1486
1816
3257
639
2696
1255
1
1024
1926
452
540
2564
2773
2399
2003
749
2839
2289
782
2157
2278
738
3301
3158
3048
1530
3444
848
1024
573
1596
2509
2399
1398
1750
1629
2652
1750
1244
3180
793
1783
870
100
2773
1475
2905
2146
298
2278
2894
1167
3026
2729
870
2608
793
2905
2058
408
2069
188
2927
3059
177
1211
1222
2839
1552
1057
1145
936
2839
2014
1046
738
23
2542
2883
2388
1365
2322
2146
925
177
3015
2124
980
1046
716
1387
3125
2971
2905
2718
3147
2707
2542
1112
2850
133
2256
331
1574
2872
3433
2311
1486
2509
1739
408
2465
2652
2564
3389
2828
705
650
2399
353
3422
2388
12
2927
419
1321
1211
3136
397
2322
1112
2597
3180
1442
705
2586
1409
3015
606
463
3345
3081
2927
1123
771
1453
2553
67
694
78
419
650
2465
430
2179
1486
1761
1981
3213
749
2894
859
1937
2608
2311
2641
320
2311
793
2993
1365
2729
1200
2894
397
1970
881
1541
2036
166
1618
2465
2872
2685
1486
177
705
1838
2157
2509
1189
1596
3367
3125
2795
2212
2311
1717
3125
1695
1244
1024
958
2443
452
3411
3004
3389
1486
1574
89
1706
2630
2971
925
2718
3147
221
1090
441
2729
870
2036
2630
540
3422
3444
1442
1673
3103
3136
2916
661
2685
485
1123
2641
23
1046
2718
199
3202
958
1420
1299
474
672
980
694
364
1420
2014
1233
2047
1189
364
2014
3224
1805
2278
1453
1475
1739
705
705
815
419
1937
2905
67
1189
3103
3268
2157
3114
1101
2630
331
672
1926
2751
2102
474
2575
2740
254
2949
3345
2069
1288
2168
56
1365
2498
771
661
3312
1189
2597
2751
1255
2377
980
3114
3125
639
749
892
3026
1431
2817
2311
2124
1882
12
3455
2146
2960
3345
749
2850
639
2872
749
3136
177
1
1574
3422
1189
870
3279
100
441
2927
1827
1079
2278
2718
639
2300
2069
1541
3015
2542
1563
3004
1222
3114
1475
573
2498
2113
3444
1838
1783
2212
1838
3367
760
1618
2828
2630
320
3268
2102
2146
2949
2971
1398
2179
397
2058
2322
3411
1134
419
1541
958
67
3026
122
1167
1673
100
3004
2058
903
3444
551
254
1596
3378
2894
1915
1772
122
2652
3312
3092
584
2036
23
1233
892
2025
969
3367
100
518
2025
1717
639
3191
3400
2795
1332
584
232
1310
1134
485
1497
1046
3378
2014
1409
34
1200
1266
1717
386
1893
331
210
1376
947
1178
3334
1057
1695
1893
1365
2333
221
3356
254
1552
474
485
1453
1607
3037
2949
1244
1541
1497
2663
177
1299
2520
1893
1684
3004
826
1893
2971
1772
1673
2839
1420
1959
1266
2795
837
78
2685
3147
1629
3169
177
3081
3367
1805
1167
1156
3345
2663
2410
56
496
56
551
771
3059
3433
1266
1156
1739
2938
529
1761
23
386
1090
2916
474
2366
2608
694
2069
2784
320
573
3180
78
1728
3059
2740
2729
1717
1838
2784
859
1200
969
826
2465
2124
1156
529
2652
2916
562
1629
540
12
2102
2916
2619
2806
111
529
1717
683
243
386
1002
1904
3125
265
2212
89
1640
3070
3356
2608
2487
947
3323
177
1486
1101
3103
639
2740
2234
2707
3433
276
463
1365
2454
3048
1673
1728
3301
2058
2740
331
320
1596
2542
408
3246
738
2355
980
1816
3312
848
584
1332
1948
2278
562
3279
1057
1860
1849
3389
2322
3213
2377
1915
23
2707
342
2080
1981
2729
2399
111
397
1409
3356
3191
298
2938
1541
144
320
2124
67
859
947
2685
2740
595
1090
1123
518
2003
2927
1497
452
2949
738
2850
1574
1310
2113
2564
12
2509
507
1970
2234
2872
1442
2366
1607
1761
1035
276
1211
573
2960
485
1167
584
1607
276
1189
1079
364
1640
562
3158
3092
727
1002
1739
3301
1024
2850
2399
2993
210
1805
3026
2586
2014
3378
2212
2289
1123
1376
1783
210
2542
969
1816
1409
2157
1486
1783
2388
650
1475
606
3433
1079
947
3268
2102
331
804
221
2597
1200
1838
309
3213
1750
1112
628
2872
2487
2421
3081
155
1981
34
1574
2729
111
3356
243
2817
3422
859
2795
1035
1805
1189
1728
727
584
1948
1915
1794
320
2234
133
661
3345
771
78
969
1783
1750
1123
2355
375
2696
1618
496
1178
452
1904
1145
3367
1233
771
1706
1024
2509
1024
1607
3048
1541
1992
3378
309
2135
2630
2245
1497
2707
3213
3279
3059
2938
2168
3433
760
2377
463
1948
2828
2377
1684
2740
2201
2454
3037
1816
1497
2663
2025
1090
738
2608
3059
3103
1277
2223
1882
2773
67
232
1178
3125
3169
3345
3092
2520
2256
2157
1002
221
3125
1277
2960
452
276
2531
2278
364
320
2894
1453
1057
2036
3103
694
1915
463
1178
3279
529
1
1002
188
3169
2938
1871
815
1739
2619
1827
1959
2278
3103
45
2740
1970
1167
144
2344
1497
3037
2388
2553
199
2036
1849
2113
2498
3026
529
1618
3026
1530
397
1321
1002
2267
2135
1332
1431
2553
3290
2300
793
3334
1574
2762
3103
309
1640
1134
3345
573
2278
2146
1200
661
2850
232
2278
3378
1849
430
34
2245
342
1046
3103
2487
2377
3125
166
804
1970
958
2729
78
265
2366
397
496
2091
2333
3125
914
3070
859
166
2465
3147
2454
2377
1530
2883
2421
2366
3235
2058
606
848
3026
265
3070
2421
2234
573
1695
914
2894
2652
3367
1981
1288
826
1651
793
441
2509
958
2905
2201
2003
408
2322
23
1420
3290
1849
12
430
2696
1640
2751
892
595
122
1464
881
1035
2949
2135
936
1475
2014
1761
3125
2806
793
760
2355
232
1552
903
2707
2476
925
661
2300
2773
2740
1321
595
914
2663
1486
100
2784
1552
991
353
1035
3125
3345
2509
1673
243
760
3070
1035
122
1959
3334
1673
2861
1167
683
320
1827
1574
1684
3158
1486
2278
2663
694
309
2773
2069
1860
2355
1024
2894
2014
903
540
2278
3202
3356
1882
2839
12
375
2707
1695
3246
408
969
2157
826
1145
386
2586
2630
2663
1783
1915
1563
3147
529
3422
2036
1552
1453
584
1046
584
1453
793
474
3334
166
2553
2311
1464
2839
2091
463
342
2839
3345
1486
3224
2465
2718
1024
2850
1167
2586
2531
287
1145
3169
430
1189
287
1486
1772
342
870
837
210
3092
3389
2520
3147
2762
3202
144
1706
1178
2080
3191
2993
3147
1035
551
2531
2212
1739
188
1090
1475
3356
1530
2663
2245
1607
3026
2586
1068
397
1387
694
2388
2509
375
276
837
2575
1981
2014
3246
309
1552
2927
1343
694
584
2146
1024
782
3246
2498
2729
3367
287
100
1508
1904
2685
2575
2311
2674
1860
3290
1717
826
100
2553
3400
2091
3169
3180
2399
1255
1244
276
540
1827
1024
1574
1200
804
2663
2531
2762
2960
2630
804
1398
452
1970
2300
3125
364
716
3433
1189
826
1112
3180
1508
815
1486
2498
2069
1321
2773
1211
3158
2388
2784
2949
3191
573
2014
2487
2124
3246
1882
2124
232
386
958
1948
2806
276
1915
2586
1101
3026
2300
1200
386
2388
232
1046
243
1596
2256
1992
529
166
1486
2311
749
2091
3400
2872
1871
1816
1530
2102
804
1090
2641
2201
3422
1090
1332
3114
661
2223
848
3103
1145
1079
2740
3455
2674
133
1981
1794
298
2058
650
3103
694
584
1112
2564
991
1233
3268
1794
914
2443
540
870
2135
463
518
1387
2685
1365
1024
2432
1035
2355
2421
2311
2487
2993
639
1387
1596
1288
3081
2289
463
727
3444
1464
562
1838
3257
1475
2883
2388
2355
1552
2850
1464
1530
672
2839
2553
3103
408
34
650
1310
2531
177
1959
452
1772
3246
67
2652
2311
2861
2641
309
3422
3070
2157
1431
2487
3147
2377
2630
1123
386
694
1794
1816
1838
23
2223
1882
2729
78
947
2916
628
3455
3279
2465
2113
2476
1310
1508
243
1618
56
3312
320
1497
2344
2058
2465
100
3180
2850
804
1519
1200
2641
133
2025
3114
2872
694
2652
2322
1321
2641
727
2377
3356
3202
232
1398
3444
441
56
1893
2817
1552
2828
1409
2608
2927
1134
2003
265
2652
1794
1508
1376
2410
3213
782
3103
2410
3103
3015
177
2432
1937
67
2168
760
67
749
1200
122
2641
562
265
2003
562
2872
56
1695
1
2388
2938
1805
2487
859
2806
2234
1640
2454
1178
3345
595
1365
2311
1123
1431
3070
1882
89
353
1684
210
1585
837
474
122
1398
1948
2245
3103
1948
1167
1167
2344
188
2025
1695
2421
210
683
2201
89
3334
100
991
3059
122
595
1475
221
958
1750
2487
1134
2586
2971
3323
2586
1453
2102
815
1992
3268
1981
881
2047
551
2575
1002
2817
1849
1794
1497
1717
1893
2487
1310
617
3081
1387
2894
2630
1728
1915
2366
2916
12
2223
2036
56
859
2850
2058
2718
3422
2938
1299
507
2047
892
3323
430
2696
1354
738
3180
2432
2058
331
650
2036
1816
1871
298
276
771
3213
287
2993
375
2410
386
1816
1002
1695
1783
474
2993
2289
1112
2487
749
1541
1717
694
2278
23
1728
2927
364
2377
89
771
782
397
1046
155
2201
3400
3147
2586
2344
2135
936
3345
364
1310
2410
1959
2201
56
980
2949
188
1288
2234
1057
1310
496
2586
265
2872
2674
1046
2256
1662
683
2410
408
617
683
1585
1552
2817
1112
23
1783
2432
2432
2333
1167
1079
1904
2707
1266
3191
1475
2333
1035
573
1453
3367
2036
2718
947
2883
925
1629
1827
1332
848
1112
1508
2399
2520
2619
2432
837
1585
3455
1761
1343
1079
199
584
2344
3389
661
3268
3026
1233
1255
2927
1860
518
2465
1288
34
628
3114
1365
67
2817
2872
2476
1882
617
34
1310
2212
23
3081
2146
1101
3279
2740
3455
1805
3400
3257
1365
3224
3114
2883
1618
2223
1882
2905
2256
1101
1156
2212
1178
507
210
2245
2388
826
2278
243
1629
2300
1915
320
3411
320
1651
1992
2124
177
375
2080
3400
23
89
1552
837
1970
3059
1684
1673
749
430
1442
3312
2696
221
2245
2124
2498
1079
2344
1332
1585
2663
3334
1904
2905
1860
573
3081
2245
1244
3015
859
1343
3169
1706
1904
2762
3389
111
2102
2421
144
1948
243
364
2784
2366
1453
2454
1255
1387
573
2509
1255
2487
1959
3125
3059
1574
1904
2894
3191
2762
771
1486
3059
2685
2839
1585
1387
1475
2597
133
2014
2839
496
3400
1750
551
2388
1596
1937
2971
639
3191
1992
1189
2850
177
1365
3345
3070
1090
1244
2443
1167
837
254
540
1013
232
606
144
364
1211
2993
870
1145
3334
1420
78
56
1948
3048
2751
1673
166
485
1068
2399
1849
3004
595
1530
782
3037
2696
221
3290
1827
1233
67
2432
1387
2487
177
2971
1948
1332
1431
1959
1
1486
441
3048
2828
2124
1805
3312
1783
738
287
1321
1332
1816
705
2971
3103
925
1387
1464
2157
1453
430
2135
485
2674
232
2432
540
1662
936
2597
1739
3433
2179
1112
2091
2575
3015
408
1904
3312
1739
1827
254
2443
1332
3367
1959
2729
1365
650
2773
397
1387
1849
3070
1618
2883
2201
1882
2410
1332
2212
2377
2102
1915
1013
3268
1475
12
1706
3378
1750
67
166
2784
1
67
1277
2729
34
529
628
2487
507
2487
683
2124
496
1475
2597
2905
1398
3411
1816
2091
1860
1420
1893
1926
1442
2190
1838
1783
848
606
3169
848
2729
3037
2168
1354
100
2806
375
606
419
1057
1332
914
1123
2520
353
2520
2465
760
1145
2927
2190
3037
1387
2223
353
1827
540
1211
1024
2300
2058
287
1882
771
1651
1981
2168
617
1189
2586
1684
1112
34
1398
2223
2443
463
3290
3202
1607
2751
518
3246
2729
1332
133
3147
474
1343
705
2773
2003
1002
1189
1365
1244
3180
67
1860
2960
2652
78
2663
2685
78
1420
254
540
1244
3455
738
2586
2575
2575
1860
441
1310
133
914
1244
848
232
3246
1849
1420
1145
3092
3191
3268
78
1277
2454
2223
2531
265
2300
496
518
2839
331
2575
2168
1519
1684
3345
1970
716
1189
2102
1640
1024
2949
463
2872
3389
474
551
1607
2267
2421
1695
2135
1409
452
1211
1684
2751
298
793
716
2685
3367
1475
738
177
1354
2707
903
2542
1354
1134
2168
2894
1596
1574
2828
661
716
3026
2927
3136
1255
1607
1090
298
1409
1365
3048
1706
2157
2355
925
661
375
1673
837
1728
2971
1739
2872
859
1464
1574
2355
3059
3147
309
2322
397
3334
375
2135
3191
1981
3224
23
1981
3180
1673
221
463
2619
1156
1123
2993
1420
562
3323
925
892
1321
386
2366
1486
2740
551
3224
1640
2872
2212
1508
3257
881
3290
364
2696
1915
2355
2410
2179
1167
2883
1332
2322
2597
2927
2333
3158
1376
3268
2652
2696
188
1552
2773
1519
2102
2531
3158
111
1277
3257
1959
760
1684
2322
3455
133
3268
2410
2311
980
419
177
1893
3015
1695
771
1310
3070
573
496
892
2817
639
199
2927
1332
1321
1211
1442
1200
3059
3400
1959
1277
859
1948
1409
2718
2949
2311
232
3367
2498
727
1519
727
1497
1420
2399
661
1915
3290
12
1145
2091
1530
2476
3411
1332
2520
1145
925
2454
3103
2212
1904
188
2212
1167
3136
1068
3455
3048
2157
716
3158
1475
2212
1112
408
1464
1618
2300
1475
2762
925
1596
364
870
2927
2883
2025
397
1882
254
1200
2377
441
2003
78
122
3070
2135
1761
353
2850
45
1838
199
1156
837
1662
1365
3136
1739
2718
595
1926
3081
67
1398
2509
683
386
2982
936
177
1893
3444
2179
573
2157
386
2707
452
738
683
2553
2575
2938
2300
3422
3202
199
1684
1475
2916
2289
1992
2531
2355
3389
1574
3037
2366
3147
2564
2542
1585
2542
3323
749
1233
243
2047
276
980
1321
2828
2157
804
1662
705
540
452
2388
606
3367
3268
2597
1035
2157
1123
1200
320
2080
892
1486
3224
1068
562
3081
1816
397
1915
2454
672
1486
309
2102
177
3169
2355
881
243
1409
1871
2905
1310
1673
639
936
2432
353
2146
2751
1024
1629
771
782
2696
3400
2454
3103
331
903
2091
3059
2399
2399
287
1167
2113
1244
2058
947
2652
2520
2454
2553
727
3092
34
3158
2036
2179
1046
3059
342
408
386
1629
342
1431
1266
672
2344
3356
2333
3334
881
1211
1035
2993
2454
1684
2542
1640
738
1530
738
1475
3213
2828
3224
1783
133
804
3433
2531
1222
2410
694
155
386
1959
2894
1321
441
1761
1189
1321
2971
2223
2916
562
452
1992
793
3246
2113
122
3312
1860
2949
3081
2234
3081
2476
793
2146
2289
3213
2839
2454
133
3389
1882
45
2421
2234
1233
287
331
2047
1794
892
1090
320
1695
881
1024
1816
727
1475
3367
2399
243
2982
1420
1035
265
2300
2839
1695
1288
1563
1629
1761
1607
584
2586
2839
2927
2927
23
1255
2410
1112
166
2696
1992
1189
3114
1321
2663
3015
254
1497
1123
265
1134
1387
1167
507
3092
1046
2080
3312
2817
221
2487
1937
1662
551
3455
1684
1805
2410
2795
573
232
3389
353
3345
1244
1618
2894
89
3114
562
2421
782
540
122
3356
2223
1167
1970
2069
2575
782
3158
3114
2443
243
3103
2718
639
639
650
3268
881
573
166
760
408
1783
2256
2553
1431
1409
1508
815
1948
221
2762
716
1398
3323
1376
2564
639
3125
2212
1684
3367
1860
936
2608
1090
1585
2410
1970
749
2575
1332
1156
2949
2179
254
925
122
353
331
661
584
1684
3433
573
1541
3411
3136
2179
3070
1893
397
1574
2344
3400
716
3433
1519
1717
540
2278
837
1871
2025
320
2641
2278
3301
1354
1233
2223
2014
1816
441
584
2388
1981
529
2058
2762
133
485
1750
1706
1420
1684
1013
1398
1805
2740
1937
2674
111
2399
1233
2487
166
2113
925
1519
3345
3147
67
287
2190
2707
2674
2762
3235
3323
2058
3378
2410
353
210
364
628
1233
1761
2432
507
2289
1640
2674
3279
1475
287
3444
122
1211
1497
2058
2960
166
2344
276
2872
1552
3037
2652
1
232
1156
2410
2641
3422
2784
3268
1189
3136
837
287
1970
2476
1552
1783
485
441
1772
2663
243
3268
1255
3202
3433
2190
2069
1442
2333
243
628
2344
2531
375
1288
1706
331
606
100
122
287
936
2465
848
2014
562
2630
1090
1002
2993
298
1244
1398
144
3048
1365
2344
243
1398
3268
485
2025
2146
3015
991
3444
3312
1332
2641
3422
1453
1519
2949
452
2366
1497
3070
133
2597
2663
3125
1486
2509
1057
1629
683
1024
2564
925
2421
2377
12
3048
1057
1618
573
3092
67
496
2278
2080
1948
331
1563
1002
1299
3070
2663
1431
793
463
3147
2278
2971
749
441
188
364
1607
3169
2784
518
1772
2366
166
3400
1541
3268
1
2036
672
2080
2586
1002
2234
2179
892
1838
1376
2322
1222
1838
2014
34
3400
1354
2542
2179
1717
683
1893
1035
3257
199
2003
3422
2190
78
3224
782
705
2487
1453
3290
34
232
2003
2982
661
1981
441
1893
353
2454
1926
2355
2399
1002
1068
650
276
2960
276
67
1761
870
34
2542
3004
1849
3334
254
881
3378
78
2971
144
683
1079
815
2663
1519
1299
1607
507
3224
496
1497
2828
1574
2146
1695
3125
1024
1772
12
1893
397
2564
1442
837
1024
1695
309
936
364
1871
3147
1046
2960
496
243
1013
386
1860
122
2201
2355
1618
1563
2520
2366
1860
2190
3389
2223
2201
1816
2619
3356
1849
2047
2971
78
958
2509
452
2828
2190
89
2322
1277
342
1937
1662
2201
2058
397
3147
2267
562
2212
1167
2421
2993
3147
1178
320
100
2388
2278
1948
3026
1783
628
518
826
3136
3356
3015
3224
804
2883
100
2740
1079
892
3389
78
2641
793
639
1387
551
1651
2971
243
2828
3290
342
342
2102
881
3367
2487
1508
430
3312
1178
2377
1464
947
3180
2938
3103
1057
562
2597
980
2696
1772
1772
3334
1750
2333
1519
1255
1167
2938
3136
100
1871
1783
980
1772
804
2498
793
2707
2267
3169
2762
3213
1486
2245
1453
2542
1398
584
2113
628
2355
430
496
2696
1354
606
485
1112
2135
155
1211
540
529
2190
903
3389
3279
298
2641
2091
1
1937
430
1486
2773
474
2619
705
1057
1277
1332
2003
1706
419
1233
1651
3081
309
1354
1750
2531
2564
881
3059
3345
386
2993
3169
683
760
386
2740
1288
2872
771
606
3356
3389
3367
947
1200
1244
1552
1497
254
1376
1739
3345
287
3092
221
2817
782
3169
2410
672
89
529
2432
771
1288
1409
45
1178
815
2872
1783
705
1398
1684
254
1189
1519
1805
1288
1783
1772
1618
1662
2058
3312
474
1409
628
177
2421
3356
265
2949
914
3092
2839
2322
1739
551
3147
1145
925
2443
1134
2608
2696
2333
2729
3092
155
1046
1409
364
1299
2058
210
1772
12
2905
551
1024
2795
815
2564
2311
2509
529
1167
782
1079
2905
1926
595
1893
3070
1805
3180
529
1068
2817
2740
705
2817
3103
2003
1409
3323
2366
12
2762
2916
3092
683
2333
2201
2993
1376
2729
2762
749
2410
2201
2674
1596
2685
870
3400
1002
3455
1002
2410
2729
1706
1761
2377
2300
1761
826
1211
375
2179
2718
2058
2861
177
793
991
1552
2124
287
2300
3125
1079
111
1255
2366
3037
3257
3367
3037
2850
2311
892
1101
2663
1860
1992
3015
2685
1794
1981
3455
1057
584
2861
1233
1376
386
1387
2091
2729
2278
342
342
980
1607
1299
2619
3455
1200
782
2839
45
1673
2531
1299
2135
1068
859
3411
2861
2839
3411
2509
3422
1398
2344
3400
375
2322
617
