2745
2157
1681
1023
1065
3991
4201
617
3361
1009
869
3697
3879
2003
1583
225
239
3263
1443
4187
1653
2549
2465
3067
1989
3949
4061
2731
547
421
2171
1499
2577
2059
743
1849
4271
533
2465
3221
4159
1555
715
3627
3557
505
2059
2003
3767
1723
1779
3627
4271
2451
491
57
211
155
2787
757
3193
3165
477
3991
813
1219
1429
673
1751
2115
2101
4131
1877
2815
3347
3641
3319
3627
1233
2675
939
3025
99
3417
3683
603
3473
3893
757
57
2871
2157
3221
3347
1737
2241
2773
1387
1135
113
1709
3235
4243
3585
4271
1401
2815
1387
3235
4047
2283
2381
869
2381
1387
2773
2983
3067
463
1947
3123
3333
4117
141
477
4061
2381
3249
3655
1723
1583
953
3179
4033
2745
1247
3641
3767
2633
2465
1625
505
435
701
1107
29
3473
4089
3095
3949
4257
15
1079
3963
155
1569
1821
757
3025
1079
687
2815
239
3865
2451
2997
701
1681
2353
1555
2367
2185
267
1009
2899
1373
3669
1961
1065
2353
4117
911
589
799
3081
743
575
3109
4117
1807
4187
407
225
29
2479
2675
1233
1401
2563
3585
2955
3137
3991
3221
4159
2479
197
3417
2647
3879
3977
575
2997
155
3991
4285
3529
155
2983
1443
169
2773
57
393
1009
2549
1275
2241
2157
2059
4033
701
785
3613
2129
3151
4299
533
2157
2549
2619
4355
3123
3823
2717
2703
3697
1835
1065
491
1499
3851
1471
1555
2465
2479
2311
3739
2927
57
4005
2549
3375
393
4383
3725
3543
4271
2465
3921
617
687
3865
3739
2717
2171
239
225
2227
3921
715
1933
3375
393
3487
1429
2871
4019
3375
4005
4075
2983
351
1261
1583
323
575
3333
2815
3039
2843
3431
1933
505
981
253
897
3837
477
1331
3361
3809
3263
2325
4201
547
1961
869
155
925
463
4243
2115
3431
1093
3697
3767
4285
841
379
1121
1891
3809
3067
617
2997
1527
1513
2437
211
2843
1387
4019
4313
1919
3809
449
2087
2885
617
3011
1555
3067
3347
575
2367
841
4341
2241
1681
2927
1569
1793
2339
2843
2409
3543
4369
3921
1569
169
561
1163
2395
3081
1289
1
3529
3375
2885
2353
197
29
1009
1751
617
1583
2591
3165
2031
2493
1695
3613
4285
2241
2045
2283
1373
225
1
1163
393
561
2325
1009
1849
1835
1009
967
799
3907
1541
3613
2143
2549
953
2759
2353
1765
4145
4383
4257
1429
3585
4131
1877
3851
2003
3249
4075
2003
1
2675
771
547
3683
2619
2381
295
1793
1387
2409
3333
3221
141
4103
4173
1121
2045
1527
3473
2017
3991
3109
3823
3711
575
3263
3921
3823
2927
4131
2045
1191
491
799
3095
1317
3179
3389
3123
155
4005
253
3375
4145
4355
1359
3473
1989
1093
2535
2227
687
1233
1639
2605
1807
3109
2129
3851
1625
1849
4103
1023
561
491
4117
85
1877
1303
3207
239
897
1681
1835
3263
1625
3193
2325
1835
2493
3081
4061
1387
4313
3907
4005
4341
2605
4341
1989
2437
4397
4299
3459
547
379
1387
645
2255
2689
2059
2493
3599
1947
4327
659
3585
1317
2983
3627
3823
1653
1485
3417
4187
981
3011
2325
1793
2941
4313
4229
2941
4201
1485
1695
2787
2871
547
3249
3781
827
3949
1177
2773
2087
1835
155
3403
3025
3781
1023
2899
855
43
2675
43
1261
3207
43
2423
3109
4271
3571
1107
3977
3473
2101
645
4033
939
15
3067
477
1191
4047
771
1233
4215
4187
4271
1793
3417
967
869
1667
1849
911
1149
645
967
3571
1961
3445
2731
3067
3011
1793
3375
1877
4033
4313
1891
897
2997
1303
3165
3781
743
2969
1765
603
2969
3389
4187
3837
659
1625
2969
1807
2269
2143
3585
4229
3795
113
1093
617
113
57
2493
4159
2577
2591
3263
1177
3893
2017
3165
239
3193
519
3459
1765
3907
1457
3809
2773
3081
575
2787
953
925
1961
3389
2941
2073
85
3557
2199
2759
4257
155
939
2437
3417
2115
141
3655
3487
2997
2437
4005
253
2409
1709
1709
29
85
393
3221
2871
3963
4159
3053
2941
897
715
3025
43
1121
4005
4299
1275
533
533
2913
855
673
2157
4341
3669
2801
2143
2143
3431
3851
3851
3459
3935
4243
477
617
3795
2843
3669
2339
3739
2591
3571
1989
3725
3165
85
3207
1905
631
1709
2759
3921
2073
2689
1401
3095
421
3543
2115
2493
2983
3781
225
1037
4257
841
421
911
2717
967
239
3529
2759
2241
2843
4131
2325
4257
1639
1163
4187
2605
687
1849
3515
2087
3151
2143
3837
855
225
2409
2843
463
3445
911
3921
2087
1821
449
1261
2059
3977
2227
2507
617
169
3053
463
1807
4215
239
2619
3109
309
1723
3403
3459
3879
2829
2535
2311
3459
967
981
701
1877
505
2787
3697
953
2269
3977
3137
85
2073
3753
253
3333
2423
267
1359
883
1107
57
1191
1037
3473
2857
3123
99
981
1037
3557
169
2017
2479
2045
729
855
3963
1681
1331
1737
3025
4047
2017
2367
2507
953
393
995
2311
3893
2101
575
673
3137
4047
1737
1863
2367
939
1107
4131
1107
3123
2199
1359
3865
1275
3529
3753
813
855
589
449
2885
2955
2969
3837
1555
3963
4355
1037
4271
519
4327
2997
2787
1667
3067
743
813
4173
3081
1919
1107
883
1485
3179
365
617
2521
1177
1471
1317
1639
2563
4285
2815
1989
4047
575
1933
3305
435
673
3221
1639
3459
3095
309
2409
3907
2689
1079
4033
3795
169
1121
2563
533
4355
3305
4341
4033
211
1569
2199
2703
2591
2395
2353
3165
4341
1247
1807
3221
2675
3445
2269
1373
1961
267
3487
2871
1345
3123
2255
4145
2451
3039
267
2395
141
197
2017
351
4383
2423
1275
771
421
1835
3935
2969
1289
3949
1779
3963
2997
4047
3543
3165
2521
841
1625
2073
3963
2101
1807
211
729
2087
2605
3487
491
2829
2045
477
855
3319
3865
1275
743
3403
2451
2031
2941
4229
4215
4145
3865
1555
1121
1975
2395
953
4047
1947
3053
4075
365
1989
1751
1177
1065
449
4019
3123
3543
3081
239
3011
2563
995
2003
603
1233
3151
421
3655
1107
2493
813
2227
2675
3207
1387
519
3375
43
183
3739
239
141
519
3935
603
2745
855
4145
4033
1093
2745
393
295
2955
3613
4159
4327
2241
3403
1023
2941
4215
1457
1205
1233
2843
4341
197
1093
2745
2143
3963
1093
869
3487
1695
1821
2549
4061
1443
3641
603
43
2157
1779
3655
1905
1695
1485
897
925
15
3333
589
3837
2773
3431
1989
1177
2745
323
3319
505
4033
2409
2199
1331
4229
337
3599
3893
2185
4201
3935
4341
1569
1401
43
1471
2885
953
2395
1121
2493
2983
3165
3473
225
743
239
1177
3683
1765
1681
3319
4173
3879
2857
4005
4215
2045
1695
1989
43
1219
141
4243
2619
183
1303
3725
3753
1919
435
43
491
1807
3515
715
2563
3753
99
1835
1121
1779
3361
3501
1247
1807
3095
3669
2059
379
3879
2115
4229
4019
155
645
2409
1457
4369
1765
3375
3011
1807
2087
421
925
1009
2983
2885
1121
3025
2213
2899
197
1317
2367
2003
1
4243
2283
3011
3711
2605
1037
1527
2759
1681
3949
2423
1653
1303
4019
253
1317
1695
3291
449
911
71
3347
2031
1317
1149
3151
1513
2465
1107
1723
687
939
4005
1905
2871
407
2941
4397
3165
211
3935
3809
71
3445
3417
2955
365
3319
1835
813
4229
1919
2367
71
1443
3529
3221
2955
4201
2535
2885
477
1681
2493
589
141
2899
3529
2759
4285
1961
2283
3683
2031
3949
897
575
4313
4215
631
3333
2241
757
1303
2311
2199
3039
1121
3361
2829
3655
1835
1527
3557
4327
2115
3697
1037
3865
2045
3529
1415
2549
1009
3445
2087
113
2241
197
4327
2871
3529
365
3627
3039
2689
4033
1667
2017
2983
2717
3893
407
2451
3039
2955
155
2325
2199
4019
2591
3935
1023
729
533
2689
2815
645
519
1219
3179
1597
2955
3543
3431
1597
29
3053
1471
2059
4243
4187
1541
239
435
169
1401
603
701
3599
2829
3291
3123
2073
4019
1863
351
631
715
3487
1849
3893
673
3025
1247
4103
211
1275
953
1681
3333
785
4089
3081
3641
113
3249
645
3333
3963
2451
4383
2843
3795
2045
673
3865
603
3921
183
4089
3991
4075
2969
2605
911
2661
2815
407
1821
2703
3739
2605
589
2423
1835
3333
3879
687
463
1639
1359
435
85
743
687
3375
197
3907
1093
379
3585
673
2675
351
3277
1793
1219
4299
2199
3039
813
4159
3851
4019
379
1289
1149
2465
183
4243
4117
1541
2885
2409
491
3585
1373
3319
3081
2465
1905
477
1359
169
3445
2843
183
267
953
589
3305
4383
337
2759
3991
3333
2255
3361
1401
645
3193
1107
407
1667
1723
897
3459
3095
2423
2143
3767
4341
827
3333
2717
4271
1779
2899
2745
2731
3501
1653
2703
2045
2619
491
3599
3081
3851
3207
3725
2633
2521
4131
2521
4243
3249
1569
1135
1261
1919
491
1191
2745
2045
3921
827
3823
617
3571
351
2325
3431
3053
2591
4257
1751
1779
2927
1205
3193
2255
2045
1303
183
155
1135
3431
1737
2269
295
3655
967
4103
211
3011
1821
3655
631
659
1023
981
2983
2675
4033
3781
2521
4005
1149
1051
799
2549
1513
1051
3851
1695
1219
575
3347
1163
1051
1849
3025
2031
1541
1443
3249
1583
3305
3893
2241
2549
463
3431
813
2717
2815
1541
2311
2171
2591
1317
323
2311
2367
4173
4019
1793
2969
1163
2955
4019
3011
4201
4257
2759
1233
1317
4341
2759
799
379
897
3879
2031
1709
2185
435
3249
2703
813
4061
4019
1135
169
1989
3529
2395
3781
295
3557
547
4313
2157
337
2381
3137
4187
3697
1275
743
85
4285
1639
2171
1905
1555
4369
2339
3025
2661
1359
883
491
2507
1051
2479
4243
3459
57
127
2605
3221
2647
2983
3557
617
4327
1555
2521
1191
2297
2605
1065
2157
2997
2969
3711
2955
3515
533
3823
477
1415
4313
1191
2479
589
1023
4145
3277
1149
547
2087
3795
3529
3865
2633
3445
1009
743
2857
1513
1569
3921
1877
155
2493
3809
1317
4215
4341
729
281
1359
3263
1471
2045
3851
701
1779
2717
1849
2325
407
3865
4075
4271
2087
1317
3487
1037
4173
3207
2605
3697
687
2759
4397
2703
4075
4201
2633
3025
2703
2199
1877
4173
4243
3935
3095
4229
463
3151
365
869
2605
29
3347
2899
1345
631
2157
3739
2045
351
3025
939
1331
3011
3641
3613
1009
1877
435
3711
4075
2311
1695
2129
57
379
155
519
3529
519
4005
4355
3165
1149
1051
2731
1779
3207
2059
3823
1779
673
365
3109
1891
2213
519
2899
4089
967
421
1975
1485
323
2311
1541
701
2465
267
2437
1205
4271
589
4369
1009
4271
2689
995
3067
337
3039
435
3627
1611
1751
3725
3823
491
435
1723
4075
855
1905
1149
1177
4215
911
85
477
3795
729
1681
3669
3949
4271
2885
3809
2549
2101
673
1107
3347
3739
2941
547
3697
2269
2577
4187
2703
4299
3851
1765
1793
3221
2941
4215
4131
1233
295
1723
169
183
3599
4117
43
2087
1723
813
2395
2409
127
1331
1737
3067
85
1023
925
2661
813
1835
2563
2871
3599
2563
1681
337
589
4019
4187
3501
1345
4369
3683
533
2283
1947
827
4019
967
1429
2017
1093
2759
1961
4159
2843
2983
3305
1107
2003
3347
1877
3095
2549
2647
365
1093
3235
2605
883
2325
3949
841
4229
2689
3123
4383
3529
939
939
547
1163
2031
1527
3123
4397
2577
4327
1499
3683
1919
449
3767
603
1205
225
3599
2297
3459
1
3179
4005
3949
2227
2031
435
3571
2003
2171
99
2941
2731
3893
3179
2465
2605
3165
631
2521
2885
2535
2661
1541
99
1471
2745
323
3277
3249
2003
3277
239
1597
2815
673
1835
1471
4243
3837
3641
2563
575
169
2045
3753
2633
2857
715
3277
981
3599
4019
1849
3347
4117
3319
1681
43
2199
3151
2045
1065
3389
1849
2101
2269
3683
3571
2115
1317
1009
2885
1891
1191
519
3851
3823
1583
2773
897
2563
1975
505
1
3529
2843
1541
813
1093
3739
2171
3137
3011
3767
3193
3319
1625
673
2479
3739
197
3501
421
2087
281
3557
4145
2311
743
2507
3221
3305
2689
1933
1527
1821
365
3067
841
1457
603
3011
2801
3613
2367
4201
2535
2199
463
3221
4159
659
519
169
953
3417
3739
3305
1331
71
1415
2759
1583
2311
2899
1317
4131
3277
2591
3179
2941
3193
4397
3963
617
561
3753
3151
2773
2437
169
2521
1303
701
2689
477
2325
225
3781
3655
2913
3403
211
2717
1317
3123
4033
3655
197
2227
645
3137
3627
631
897
4243
1205
253
1191
3977
897
1373
295
407
281
1191
883
2605
1429
267
71
2549
1877
2899
855
1401
1611
3109
659
1807
3543
1303
3165
2759
141
2269
813
1345
729
2003
3529
1625
1583
3823
2045
1863
617
1135
2689
253
1401
2759
2801
1499
1247
1877
2899
1079
575
3557
1093
4117
3067
2465
673
3221
337
1485
2773
1065
1709
1905
911
3291
3935
1163
3375
2759
2297
1653
3011
1919
2619
4033
3417
2073
1499
1905
3151
2073
3683
2465
4397
547
519
3277
1975
3473
2983
2969
2759
281
463
3669
1779
2605
3039
743
967
925
2395
2185
2843
3221
1807
57
897
3305
183
4047
3585
2073
2101
1779
827
841
659
2815
4313
1849
1373
2661
2129
43
127
3907
855
3165
2871
1821
4103
3473
4019
743
2297
4033
3431
3193
2941
1821
1037
2115
3893
1359
2115
309
2199
2773
1331
309
211
2703
1191
547
953
1317
2661
1821
85
3739
1849
2395
2815
4075
1345
701
3711
2983
2101
449
393
3137
771
4285
2703
2885
2815
491
3865
4145
3431
2283
659
211
2829
4229
4145
3711
4257
2437
3039
1709
3039
1443
3991
4397
351
1499
1177
2451
1947
1583
3809
2731
4075
2101
3823
2479
813
3291
435
2451
1163
1093
2661
2213
911
603
4131
771
3053
967
687
1681
631
2885
4285
981
4397
1065
1653
1933
855
3669
2871
519
1359
505
1219
379
3795
1653
2829
3165
2745
3697
3585
1863
4313
1513
841
2955
2493
1527
2843
3123
15
2731
2311
2619
2003
3963
2759
2857
3221
1233
1583
2801
1737
2801
3179
3739
2661
1611
701
3613
3515
4299
1079
3417
1401
1919
169
3893
1667
3025
813
4299
3963
3137
2507
1555
897
855
2619
2339
295
4201
729
239
813
2115
3977
1681
1933
281
897
1051
2787
1975
57
4187
2101
239
1891
1975
1471
2703
1863
1023
4047
4369
785
547
827
3403
2885
3739
1401
1821
3991
421
3935
3557
2115
1471
2045
3011
2521
421
3193
785
2829
3501
3641
309
1079
701
1219
2941
4341
869
2913
715
4033
1947
4117
715
3893
3739
2535
3473
4159
2059
841
1863
3529
2885
3081
4257
1527
1863
645
4355
3585
4285
2871
253
3207
4089
1401
3137
3165
2521
2073
995
57
4397
1709
3963
3725
4243
1233
3487
1905
2073
3557
3641
561
2241
3501
2087
2311
2353
239
4103
435
3109
4355
3641
995
1359
589
4173
3879
2661
757
2157
2647
687
4327
183
519
1149
3669
631
1443
1023
2493
211
1471
4201
505
2003
2143
743
1695
2577
3851
4271
29
435
3837
3235
2815
1513
4103
1793
3669
547
2479
1793
729
1205
1163
2605
57
813
3641
2549
1023
3319
2339
1527
911
71
2269
827
855
4327
687
3501
2969
2731
2325
4005
4243
225
4005
1723
785
2073
3515
1513
1485
2885
2339
1541
3697
4187
4089
309
3095
2017
43
2227
295
2311
1261
1163
435
155
2871
1625
2885
799
1219
2717
3641
813
29
15
1093
1765
4159
2577
239
295
4131
2157
71
2017
2465
1373
2255
729
1807
2549
3039
3067
1919
1695
3221
393
3319
1695
3809
127
15
3039
3557
43
1275
239
15
1023
1023
267
3935
743
2423
4005
981
3095
967
3235
3823
995
1373
673
4061
1513
575
2885
1905
3893
2787
3921
2227
2801
2549
1373
1065
3823
4229
1079
3053
841
3963
2577
4215
183
379
785
1499
3977
4019
911
561
3599
4201
2829
3319
365
1303
813
2465
2311
323
281
3319
1093
4271
2591
3123
4089
3683
4397
533
1443
771
337
1639
1163
3739
3137
729
1555
2255
3907
3361
267
2325
2283
3249
1849
3095
1317
4159
1639
4215
1275
2731
2297
3879
4061
183
3151
4047
715
2801
421
3669
29
1583
2997
1373
519
2759
1849
2633
1723
2115
547
4005
3571
603
897
477
2969
2535
2913
4257
3473
3417
3725
3137
3599
673
981
4327
3473
1401
1793
1723
1191
3011
1303
1709
1359
3151
2549
3081
3473
1317
883
2647
1919
1793
1331
491
2535
2451
2955
4229
1457
2269
1163
659
1149
2143
3193
211
3557
575
141
337
1793
1457
267
3165
2815
2815
43
1891
4131
3557
127
4271
939
4075
2969
1681
2129
1513
1499
3585
1989
2661
2451
3137
407
1233
3347
2171
29
1709
715
1821
3165
981
3193
1569
2017
1457
1667
1737
603
1793
4215
1541
4089
2773
1429
1807
4285
2941
3599
1863
3809
1653
589
2423
2885
2157
183
1121
3865
911
2955
827
99
4355
603
2115
1401
2283
2073
2003
2283
1877
1751
1961
253
3193
1975
2745
4341
1177
211
3739
2829
3417
4383
3921
1163
2773
645
3235
1891
1807
4061
2003
1751
267
2325
3165
757
2605
757
3039
85
2521
3221
2955
3921
785
1289
3851
1961
4117
1387
2997
3137
1359
2521
4299
4145
1373
1345
1625
3179
995
1835
519
3879
4173
1891
2843
2367
2661
4103
659
3389
2913
1821
2899
1905
1331
547
3879
1037
1933
673
4173
3305
3193
2283
1247
2773
3627
2871
1541
2829
2927
281
2311
2689
2171
3361
3263
3039
3053
2143
2017
1555
2171
3123
3473
3501
3669
1149
141
1205
1821
4313
2717
3235
393
3963
1597
4019
2423
1359
2451
3557
1639
2969
1835
2017
1919
3319
659
3193
3669
2675
337
1429
1401
2017
533
3277
1373
673
71
1415
3193
2787
2857
3599
547
2661
1415
1191
4019
3865
337
3865
631
393
1485
2563
1919
351
3963
1177
3025
2507
813
2633
127
1345
4131
4117
225
4201
3739
1639
799
2185
827
3963
449
2241
743
2675
4327
1093
351
547
1485
43
1317
3403
393
869
2787
1625
3389
3599
2479
1723
3165
2199
4047
1597
197
3389
3235
3613
1163
2269
3179
4229
2731
3921
715
2647
3221
1065
1401
295
1107
2731
1905
4117
1807
2899
3949
3403
2101
2017
3333
3473
2423
2983
659
2633
1961
2115
43
1331
4383
1429
1163
2703
953
1877
3557
2381
1149
3179
897
463
4117
2801
169
1513
3921
4117
3137
4229
4355
2059
3291
2367
631
2157
3207
799
4271
1471
2143
2465
2899
1513
3375
2059
1597
2535
43
2745
1303
939
3207
3627
1947
1583
729
1457
3907
3865
1275
3851
1527
2773
29
365
533
3235
1177
3011
295
3319
1065
1415
3039
43
3473
225
785
3515
1177
295
2661
4383
3921
211
4173
2857
4285
3669
2325
3781
3123
2059
2143
1359
631
2675
183
1807
1289
3109
3333
561
113
1961
603
1793
393
4005
911
1569
4299
3571
4159
2017
1989
3921
477
85
3193
1009
3865
113
1275
1597
1471
1905
2493
4271
3725
1989
1177
855
2549
3907
1037
1373
1303
1429
967
2213
1219
869
3991
967
2885
4201
491
1569
4285
1891
2577
3739
2003
3851
3543
1681
1359
1625
1541
3291
3613
939
4145
4383
435
771
1345
1737
421
2311
2157
1639
1387
4369
2605
4285
4159
1303
1443
2241
3193
2241
4187
3403
1681
3319
673
3039
3165
435
1919
2367
1373
4285
547
1807
3263
1891
1765
1891
4215
2129
3529
1191
2087
4355
3683
43
1247
3347
2283
2661
1177
267
1653
1065
3599
2339
4117
2353
981
4243
2927
2353
2325
3487
2367
1191
3585
4131
3081
3389
1863
421
2801
2157
2983
281
2213
2437
1835
2703
687
1219
2983
2353
2297
379
2899
2003
939
3879
43
2073
29
2381
3767
2395
1779
2955
337
3067
141
407
3487
1149
2563
2059
1443
2983
99
1485
3907
785
2717
687
1345
603
3683
2451
813
211
127
855
491
155
1443
4271
2563
3221
1023
1107
1891
1163
1513
3585
533
2283
1247
183
3487
3963
1667
1191
2955
4383
1877
4313
575
3767
561
1387
3977
701
463
2675
855
1905
2535
1625
3347
1765
2731
3445
1149
2451
2619
1681
2955
2073
1863
2031
1625
3529
1429
183
3515
3305
85
2297
869
3263
3697
3053
3963
4159
1317
3039
4271
2073
253
3207
3837
1205
2241
575
1863
3081
463
407
743
2325
645
2381
4075
2073
2563
1387
3585
855
3683
43
4117
2969
3095
1891
925
15
519
799
295
3389
2213
4131
183
2675
2927
2059
1345
3389
673
2087
3935
1331
57
3599
1611
827
575
799
4299
2465
3459
2227
3655
365
4117
169
379
2843
3585
3291
1821
1401
3011
225
4075
4145
491
1009
1345
1163
1303
869
701
3991
2675
2325
407
1457
1331
2927
3921
2997
743
3165
3361
449
1555
1947
1499
729
827
3319
2129
2059
3543
1
1793
4033
3627
3137
799
533
2213
4117
113
477
239
3137
141
4187
1653
4075
2787
2395
1037
1737
1051
2591
1905
2549
3333
2731
4089
3669
379
3221
3683
393
1065
1107
1737
71
1639
3963
4187
1751
2647
29
3109
2801
4215
351
2465
799
967
3501
757
225
4313
2661
995
1443
981
673
701
3991
3893
2591
2591
547
3711
4327
617
3557
3879
3025
3529
2129
3053
2227
519
1065
785
1191
1877
4369
2899
2633
197
2801
883
1191
4243
71
1863
3165
2269
3963
1345
449
2731
3263
379
1555
2423
2465
169
1541
183
1429
1975
3319
715
2759
99
2591
2731
1219
3431
1135
4019
2521
533
2073
799
2395
827
1289
155
2171
1737
1093
3655
323
2661
4285
2801
1037
4033
1191
2479
1597
2731
1401
2563
1037
2199
3501
2255
1219
225
1877
1947
757
3949
2745
1359
2983
4033
4145
3361
3991
827
2605
2521
1695
2479
3529
2745
2101
2941
3431
1905
1261
421
71
2297
2619
1779
155
2045
2017
239
3991
981
2395
533
561
967
2787
295
4327
2367
3739
743
477
1037
3221
2227
3781
3543
757
2801
1037
2017
1429
3725
2521
2255
1107
2675
4299
1331
1121
2087
2311
1723
2619
1079
2689
995
1373
827
1569
715
1569
267
1751
2997
2493
3739
2129
3249
337
1387
855
1765
701
1583
4019
15
2479
2115
1345
3599
4201
1877
925
2409
2955
1821
1625
4341
2647
3193
3263
2423
3459
603
1023
4159
2549
1359
2997
2885
2745
2059
2857
1667
3655
673
1681
1723
2787
3039
3529
785
3123
2661
1401
1667
85
3025
1597
939
29
3067
3375
1695
1877
4397
1457
15
1345
2661
2899
2311
2941
3963
3977
393
225
3865
2115
3011
701
3851
2003
3823
2115
3417
1093
2199
2031
897
3137
267
3977
309
1975
1443
295
1639
1471
4271
4299
2577
2171
2829
2143
1737
1429
2367
3809
1751
3599
113
1205
3809
3935
1527
2815
617
3725
3067
1527
659
3333
1093
3599
3515
743
3893
743
421
1961
3263
3011
4131
4299
3361
4075
1331
3935
3487
3081
1331
3599
4285
743
3123
1401
3557
1961
3333
2213
1695
2213
3767
995
1401
2871
1737
3501
1835
2171
1065
687
3389
3403
575
2339
3081
1905
1863
365
3207
3207
3963
3081
3949
883
2703
1303
2843
4243
3529
2745
253
1093
3739
4271
3963
1079
1583
1387
3249
855
281
2227
4257
869
2773
1135
981
225
1499
4187
1639
1051
1079
1177
155
1989
2493
1205
1821
4229
3963
295
911
3291
2773
3081
4369
4355
2689
1415
799
2969
1849
3277
2045
211
1
3039
3067
1513
2815
295
771
3893
4103
925
4089
2185
2143
1513
211
4313
15
3739
3193
2787
2409
1373
953
3305
995
1751
85
1065
3235
2129
3893
3249
3375
2549
351
1793
1065
3739
3893
757
2885
3585
1149
617
3305
3977
3137
3319
3305
1919
4313
3921
1499
855
2829
2507
827
2913
3571
4061
3249
3053
2899
2227
3823
1457
2227
477
3417
4327
3851
1891
1709
3207
715
603
2773
3851
2129
1667
3977
253
1177
1079
1107
2213
1793
1933
3333
3571
4215
2185
421
911
2619
4243
2381
435
2927
4005
351
2367
1485
2073
1163
2199
883
2143
1639
1233
3809
3823
1485
589
491
2591
1009
491
2745
4355
4061
757
2129
85
1667
2955
2535
2255
3389
1065
1849
1947
1639
3333
2227
1023
3739
3123
3165
3585
4355
2577
3011
1429
1373
1709
2227
2381
2213
3179
2325
71
3935
2661
2773
1205
1205
911
3459
2801
183
3529
351
1821
2451
2577
1051
1
3907
4229
3585
3851
603
2185
3487
183
3907
3935
771
4327
2703
1317
4397
2241
2185
2773
1653
1611
1891
701
1
2073
4229
2969
3893
491
3767
3165
491
3263
1191
4075
925
1793
71
1
183
2185
3935
953
2101
449
477
295
2689
2675
1275
4341
4285
3165
3249
4285
3445
1289
1065
1149
4397
421
4313
477
3683
1093
2759
2815
1093
1037
1037
3893
3221
3179
435
3529
3627
925
2045
1905
1807
3319
43
1681
295
3305
4173
3739
2801
827
3095
2787
1247
2997
1471
3151
2297
4229
4173
3389
3487
799
2871
2297
3991
1527
1429
3207
659
3473
3333
2465
589
3375
2353
3501
477
2115
1051
3277
1163
4145
4271
617
953
1331
1975
3249
3781
1751
449
2857
2549
3319
3361
337
3053
379
1765
1919
