721
3393
1
161
321
2689
1121
4641
65
1233
1185
769
4785
2401
1569
1553
1073
4945
1889
2705
945
4161
4929
3745
209
289
3361
177
369
417
4401
1089
1761
4401
1265
49
17
337
4689
3073
1569
3825
3857
1313
1185
3377
833
2257
1233
2721
2929
2177
1841
2817
3889
1
1073
2209
177
4433
577
2529
497
305
4897
4753
353
2865
3041
1
897
4609
3825
2705
3873
2961
1041
4705
3185
2273
337
1073
2417
129
1841
1265
129
865
1425
3297
273
2001
3793
3761
257
3649
1425
609
1473
4465
609
2369
4033
2385
49
817
3313
4081
3489
1457
1329
3825
2529
3745
1921
2321
2961
1
3201
4385
3313
1425
4337
2065
145
4609
3665
1569
177
3089
993
3793
417
2977
4129
3457
1745
2401
2513
193
1809
1793
1985
2289
497
3905
4625
3457
3905
737
2801
129
2161
49
145
2305
4657
3809
1825
4849
1857
2817
1553
241
3745
641
3697
449
1009
4161
657
2817
913
593
81
4401
4497
2657
769
1313
3393
1521
1457
513
1585
1601
769
1201
385
2593
4001
193
3361
513
433
2065
4161
2097
465
129
1217
4113
897
97
4705
3969
2449
4161
1585
3233
449
2929
4753
4897
3441
1297
1457
2161
465
4833
4753
4465
1
3073
2945
433
97
2065
481
577
145
4705
2641
4033
4801
2321
2977
161
1441
2513
3393
4881
417
3121
4737
1809
2369
4161
3985
2833
3953
3697
2273
1905
1745
3169
305
4833
3185
785
3361
3329
449
977
2321
3201
3297
3249
3377
2689
737
4721
497
1153
2801
3185
2961
145
2305
4897
2977
4225
3569
3201
4081
3265
1329
4385
1009
4513
3137
4385
753
1537
3313
1041
2705
4561
4289
4033
161
5025
3713
657
4129
4481
1809
17
4625
2065
4913
513
1249
1393
1681
3297
2609
961
593
3633
3441
3729
929
4193
3233
4241
193
897
1713
2449
2881
1873
385
1553
497
4529
993
2305
2497
3569
4369
2369
2049
3585
1729
3729
1841
4337
4689
385
2929
3089
2081
3857
209
273
1009
3393
4161
2721
801
4993
2561
4193
1505
3057
1633
465
3313
4129
1985
2641
4449
4033
4177
1137
2721
3969
3441
337
4369
1329
1377
1409
3153
1585
4673
2113
2945
3793
2801
1697
3745
321
849
3201
1329
2481
1617
4641
1569
3617
2241
3985
2609
1393
81
3297
321
3521
1585
2641
2817
2961
4049
3921
2513
3681
993
417
385
3793
65
2081
2065
929
3249
3393
3409
4865
2993
2945
3441
3201
1889
4017
2545
4961
225
817
1409
1809
3473
2177
2721
433
1057
193
2081
1
3601
2465
1761
3681
2513
3825
2561
3713
145
3921
3537
3137
4817
4945
4289
4657
1873
1793
4593
2097
2625
3953
1857
4049
1089
4577
4481
2145
2737
1521
97
4289
1953
1857
881
2417
657
3441
1089
801
2337
4625
1889
2113
2481
1153
4737
4353
897
4289
4401
3521
1153
1217
2529
2241
3761
1985
2337
1457
1457
2433
3697
3409
4305
4593
785
2913
2993
1873
1665
3281
4465
1505
3361
4897
2657
3057
2177
3569
257
1537
1
1409
721
497
3649
4481
2481
3937
3889
1889
1329
2545
273
3585
49
4049
1457
3057
3889
1073
4289
3313
2593
2609
1121
3201
625
3297
4721
3873
2801
4737
241
3521
193
3889
913
625
2785
2753
2513
2081
3249
737
625
3313
4801
49
1329
3649
4113
577
4913
1665
1153
993
4881
4769
4305
2513
3617
2065
2209
3857
3537
353
673
4449
977
1409
113
1457
1441
3361
2193
2081
1633
1953
81
913
3553
4193
4497
3425
3825
609
4433
1617
3329
1649
4129
1905
3713
1313
3729
161
4657
4401
2561
3601
3761
2673
17
177
993
161
209
593
81
289
4497
3633
4481
3953
5025
3265
2513
4417
4881
817
4017
1937
673
641
1201
4401
801
817
1713
3361
4417
449
993
2385
625
4977
2561
833
3521
2641
4113
2993
1233
1505
1905
1217
2737
2385
3585
529
1153
2561
2465
4817
3201
3665
4193
1953
4497
3857
273
1825
4305
1265
4225
2881
4209
1745
1665
2689
2337
737
641
1521
209
513
2753
2945
849
4289
3473
2001
4817
3905
1777
929
2529
3921
2897
4977
2753
3169
1777
5009
2401
3953
817
1569
3649
2481
2209
945
1185
2865
2465
4385
1329
3169
2289
2177
2433
3713
2129
161
2577
1857
1089
3073
3745
1937
961
1457
81
689
4417
433
4641
193
4993
3249
641
2161
2145
4817
2977
4625
4161
4305
705
1409
4433
1089
3073
1521
1249
625
1345
305
1649
49
2241
2609
4497
273
3313
3873
3697
2913
4081
3649
4129
2673
3777
4225
2449
4705
1761
1569
1937
2481
2977
1329
3569
1009
817
2785
4625
2161
3089
1233
2209
3281
1809
1665
3569
81
3489
2225
945
481
3841
33
3153
529
4273
561
193
993
2129
2129
1425
3057
1425
5009
2033
2241
705
4609
4401
1745
3809
4561
5025
577
4177
1505
657
2625
1697
1601
3121
3489
4641
1233
4017
1825
4801
4209
769
4881
1313
2209
865
689
129
2897
2929
833
417
241
2577
4225
4801
513
2753
1889
5025
3409
4513
1681
2977
2593
129
2577
1793
4145
4401
1553
1265
129
4385
529
289
209
1217
417
1057
4145
4241
1489
2337
4769
3665
49
257
1393
1937
241
2753
1425
4913
689
1969
1
1217
1713
2097
3569
1217
1313
1665
577
1857
1953
785
1025
2385
4849
145
4577
1297
433
4321
2913
497
2529
4305
2433
721
2033
1809
593
673
1745
3585
1905
3457
3633
433
2641
4945
2097
1169
4753
2017
1953
753
2353
1761
897
1889
1009
4321
1169
3937
4817
3697
1153
177
4417
3185
1985
2961
3873
1681
1505
3729
3105
97
4161
705
3009
4225
1873
2721
1201
1777
3473
3553
1505
2321
401
465
1617
4577
4401
1393
1185
529
1569
3569
1665
1521
1489
3489
1153
961
2177
4257
4049
4305
2913
2017
3489
4785
4753
2641
4529
3185
1153
3985
481
4545
4449
49
2033
1777
1441
1185
257
977
4753
1921
449
4193
385
1601
3105
513
833
2129
4817
3745
4145
1217
1457
1809
3857
3937
5009
2961
2881
3441
433
2289
3489
417
4065
2881
1601
4321
1809
4305
4209
2257
1425
2545
1825
4529
3057
2657
1617
801
4353
3729
2017
3761
497
3841
609
3457
4753
3489
4849
145
3745
1249
577
721
4145
129
3009
3905
4449
2177
1137
833
2673
2961
321
689
3569
4945
4481
833
1585
4465
2561
33
3265
3169
1457
2977
1633
1265
1089
3329
481
4657
4049
2577
4785
2017
1441
2145
2145
2577
2977
4817
3489
1265
481
5009
4161
2913
817
705
2337
3377
3729
3553
4497
145
1505
1089
4417
545
2369
4897
161
1393
385
4945
3409
1825
2065
529
2369
2993
305
3809
2209
3777
3793
1329
4657
2561
5025
1953
3889
3729
481
3345
3873
4977
2401
1201
481
4769
1057
641
1121
1441
3537
2497
1233
3553
977
3601
1521
4273
2369
3729
977
4113
3025
593
1633
3009
2545
481
1697
977
3841
545
913
1201
4737
4385
3921
769
2977
17
161
1489
465
4385
2993
1441
2945
4513
673
3281
1169
1649
2353
4193
2241
1953
2161
2753
2433
1825
1681
4225
321
2609
385
17
4945
2273
3777
2897
2289
1905
2337
705
1249
289
2145
2161
4817
769
401
3937
385
705
1041
577
2657
1153
3329
3057
2977
5025
2241
3297
545
593
1281
3441
2865
17
1297
3105
1921
3633
3809
3185
3937
3905
3297
1665
2625
3697
3553
3009
2353
4593
3601
2977
705
4881
993
1649
4865
1185
2897
3361
1777
4177
1777
2593
2161
1025
3649
4081
4673
369
177
1521
4273
3473
3185
1873
81
4689
2833
2449
4241
1393
3377
2897
1249
2321
2497
4065
3505
369
353
3249
2497
81
3793
4657
1105
2417
3713
3729
2785
1841
209
5025
289
1345
4849
369
993
2641
769
3185
2001
2097
1057
3249
4417
3553
225
849
1873
3569
4097
4385
3649
2849
1953
4769
3217
625
3457
977
433
1633
961
721
2977
769
4081
1937
1361
2817
81
3361
4913
1137
4561
2257
2657
4801
3105
2481
3329
2161
4817
4945
2961
1745
2625
1153
321
4033
81
753
625
4033
1473
1569
2753
3521
3505
4113
4289
3585
2449
4161
2689
1969
1377
3297
4721
2433
737
977
4593
529
881
481
2273
3505
4625
2593
449
4705
3361
1089
3697
2785
2657
1409
4257
4113
3473
3505
2657
881
593
305
817
4961
3601
497
2369
2305
4465
4913
2833
305
353
3057
1761
4977
609
2225
2593
1921
1265
4241
2673
1873
3601
1889
945
2049
369
1553
881
961
4865
1697
881
1377
161
1201
3681
4625
1089
4465
2897
1441
2481
2609
4385
1057
4833
4929
2977
4049
4145
609
881
2705
465
4817
2705
833
1345
1553
4785
1169
3249
3617
2545
1361
4833
4193
3953
881
3617
1809
273
1073
4417
4657
2129
2177
4561
3057
4177
1617
1633
33
2273
2097
2801
2945
881
2097
4497
3617
3265
657
145
3777
2033
2929
2929
945
1761
4497
705
2049
529
3073
4657
609
209
2129
1633
4401
1697
3265
2385
3985
3313
3137
1889
2145
209
1345
721
1425
2001
3857
3153
1985
1761
1041
2929
3521
513
1585
3521
4033
4673
1105
2609
2833
3233
4241
145
2897
2465
2529
1841
3729
3633
1681
833
3841
3025
4545
225
2977
3361
3393
4977
3073
2385
817
4561
849
2417
993
2849
1
2097
417
2833
3297
4657
2993
1153
33
3473
2993
3761
2065
4673
2545
865
609
2049
4097
3585
3361
401
1473
4401
737
2305
1873
4593
2673
2865
2401
2673
4977
769
465
3233
385
3457
4385
3409
4897
289
81
1921
4961
2625
753
3521
2625
2801
2065
3937
3201
1505
3297
1889
3809
3121
1441
1441
961
1793
2065
897
2561
2529
4129
897
3953
1425
4305
3809
1713
4385
3681
1633
4961
4433
113
2545
2193
129
4449
3345
1633
657
209
3393
3793
4641
2785
4753
1409
4849
609
3969
2353
2689
4881
4257
4113
2097
3025
785
4449
4657
369
4369
4065
3473
4881
4209
1553
4289
2529
1153
2897
689
4545
1649
289
2305
4353
1697
65
2913
3633
2417
561
1425
4625
2625
3521
561
1361
2929
193
1729
225
4257
3153
65
1377
4721
2305
3905
833
3153
2545
3329
2769
2849
3585
2081
2497
3665
5009
1089
4033
3521
465
3633
1121
4001
2145
2481
4881
2337
2177
65
4545
289
3121
897
2961
3377
2753
1745
1505
273
49
4273
3121
1585
1313
3569
209
4273
2625
2209
2769
3089
3793
3889
2049
897
4321
4897
1201
1457
4961
705
1761
1009
4593
4721
4385
2321
1441
849
2593
4481
3073
3665
1025
2353
145
4241
1585
2769
1409
2305
833
3153
1153
833
4049
3441
689
209
4897
3617
3921
4609
4625
3473
2257
1921
753
1649
737
1297
4081
3809
2913
3057
1121
3073
2257
673
801
1617
2977
4625
2721
2097
3425
1745
497
4113
4945
3345
641
3825
881
3217
2273
1089
113
977
2737
3841
2289
4769
2609
161
2785
1697
3233
3009
321
2001
2577
3297
1585
273
3345
5009
2017
1793
2049
4913
113
641
3713
3985
3873
3937
33
1937
4913
721
737
113
449
1297
289
1185
945
1473
4193
1265
3473
1745
2529
3025
2017
833
945
1985
593
2993
1857
3697
1601
529
2641
433
4465
625
321
2305
1345
1057
2417
4785
305
2705
929
1265
2145
97
2529
3569
4833
3009
1553
1809
1809
465
3793
2401
1409
609
1057
3009
4145
1649
1393
1521
2273
1713
3825
1569
2769
1217
1313
3089
1873
193
2305
4017
3281
2785
513
3073
769
2065
4881
529
481
1585
2929
1905
2209
1937
4913
4305
1537
1281
785
3809
2993
4625
3329
3729
801
2593
4769
625
2785
2033
2609
1041
2769
3121
4113
3537
3137
1921
4065
3633
3505
4945
497
3665
4833
3361
2929
1329
4641
3729
97
561
3313
1377
2241
2065
3969
4961
641
1729
1953
3249
721
2673
1329
4833
1185
4481
1713
3201
3073
3185
1073
1521
1809
865
4881
4753
2209
2449
3441
257
961
4705
1649
3201
4721
577
3121
321
257
3025
3585
977
657
2865
3777
4833
2305
3441
961
3329
1585
2033
2801
3409
849
609
3121
3057
3057
4513
1281
1969
4177
2929
129
1809
1457
1201
2129
4721
4225
673
657
2833
1505
4433
593
3809
801
1553
65
2385
1537
2865
753
2385
3473
3873
3409
4481
1297
4689
1409
433
529
4529
193
4977
689
2337
4657
2865
961
289
673
2465
2673
1265
4241
3473
769
4305
833
257
81
4577
593
3569
3425
4001
961
2673
1601
2385
3121
81
1873
3313
33
529
3601
4689
3393
4577
2929
2017
4993
3569
3281
4193
4993
2001
3457
785
2257
3553
3329
2865
33
4705
4817
3985
2337
4385
1329
3409
4465
1169
4689
2449
1697
3249
2113
3041
737
2993
33
705
1521
1265
2849
1489
3281
1281
225
3489
2785
3553
4305
769
3217
4097
4753
529
1393
4049
1889
817
3169
1537
3281
2817
4801
3345
817
497
4289
849
4193
785
2129
2017
225
3361
1249
3441
1809
1985
4961
1089
705
3137
3137
3409
1617
4529
2417
3521
3297
3537
17
4529
1313
2769
785
2145
1233
49
945
385
833
1025
353
4049
4385
1601
2449
4161
3585
2369
3201
2241
3473
1297
625
3041
3777
3041
4513
5025
4545
2497
4529
817
225
273
913
1457
321
1873
4849
4145
849
161
3153
209
1777
3569
4369
3313
3889
481
529
273
1777
1153
3329
3505
2145
2801
3489
1649
3249
929
433
3489
1217
1345
2897
4529
1169
2705
3649
2033
2881
4753
193
2609
1233
4561
3873
97
1
4401
369
4769
3505
1649
1185
3617
2417
2625
3217
625
3569
3649
4113
2737
2961
4977
2225
4129
2641
3825
4113
3473
1505
4305
4033
2737
3825
2881
785
1777
193
4161
4497
1665
769
3633
241
1137
1233
3457
1777
2753
33
3841
449
2993
3777
625
33
1393
2417
4161
2817
3921
3425
1825
4609
177
4705
3361
4945
2849
2481
4417
4513
1201
961
2705
305
145
1137
2081
2897
4161
881
1297
65
4673
4929
97
4017
2305
4257
1793
1185
609
3617
3745
785
1233
2065
689
4097
2497
3057
3569
1665
1985
1249
1969
2129
337
4049
1
2449
2881
4289
2513
2513
4177
561
1489
1441
4833
3297
577
3393
4865
2289
4177
1073
4353
2817
3121
4817
849
4641
4433
2833
849
1361
2913
4177
3361
2913
1585
4193
129
2049
1681
4305
2625
1121
3713
369
2369
4289
3761
2209
1537
849
1233
3857
3665
2305
1585
2465
1905
977
3249
2769
289
1137
4897
1601
2001
4449
753
2129
1457
385
4401
2033
4513
3073
2401
1841
273
4113
2001
4817
4961
1185
3633
3601
3489
3169
4017
369
4145
2241
1089
2385
3377
3937
3985
3329
3345
2689
433
2769
3089
2785
2753
2561
817
129
2353
1089
2193
4369
3857
2129
3505
401
3681
1969
3569
2657
289
625
2849
1377
3009
4177
273
4945
2481
1585
2609
865
2305
3649
3649
17
4161
2417
145
4465
1457
305
1745
289
2433
225
689
4065
145
4273
4673
433
2849
2497
4801
833
4625
3025
3729
17
4609
4289
3873
1873
849
2481
4897
2961
2849
2993
2401
4321
3297
4145
2561
3681
4369
3249
2705
2465
433
305
2897
3297
753
2657
2081
337
3649
769
369
3217
33
4241
3057
3873
4689
2913
1809
449
865
4209
2721
2129
3313
241
769
609
3505
3489
1025
1889
1745
3937
145
2497
4545
2225
2833
3153
961
1153
4337
3985
3361
305
2817
961
1169
4625
4401
5025
1745
2097
2113
3025
2337
2897
1585
3793
4337
2609
657
1041
4497
801
3537
4017
993
4321
81
4945
3441
2369
3889
4753
625
1665
673
4785
4257
33
4785
961
81
1857
1937
2433
2705
3521
1185
2001
1105
4833
3041
561
3601
4529
2529
4593
3825
577
4497
177
897
1297
4929
4529
913
561
4273
129
3585
4017
4097
3681
3841
993
4065
1505
2481
209
1473
3585
3009
2465
2097
1569
1969
2593
4113
3745
1121
3569
3921
5009
2817
3809
4497
3729
2321
3745
1825
865
673
881
2497
2465
4865
1521
3985
2305
4737
3409
3841
2705
833
3905
4273
2801
1457
3345
1505
529
4865
385
497
593
2145
2961
4321
4465
1665
1105
3297
289
4977
753
2769
4817
241
4705
33
4977
3073
3889
593
3905
2753
2817
4673
2161
4113
1137
641
1889
4529
1137
2481
1633
2049
1761
4065
1665
833
2321
1969
769
1025
2689
545
1265
2353
593
4193
3377
2433
2737
2241
3137
513
1873
3249
4625
977
3889
1473
3457
2977
1905
3041
1
3681
2065
1665
4513
2337
1585
3233
3377
4273
3793
2593
4577
2337
1761
2913
2721
4497
3121
817
2977
2945
4065
513
3921
865
4993
289
3841
1857
3345
1793
3489
3361
1425
913
673
3009
4161
2001
209
865
4593
4785
3201
4305
2673
3873
1729
3745
4689
4705
1649
1665
177
3537
481
129
1777
2273
2001
81
4081
3441
1409
465
4369
2081
1425
3489
2033
1633
4353
1585
1393
465
865
2017
2289
2593
3713
1937
209
321
1553
385
1809
2033
3521
3601
4305
3473
1633
1297
1873
3041
4753
1201
3073
1153
2641
65
737
4945
1665
81
3361
481
49
609
1025
3761
497
1233
2049
2049
1617
3857
2033
3089
369
4305
1521
5009
561
3409
3009
3281
2561
4049
2385
177
4113
3121
3073
3729
3217
1409
2161
1217
5009
3185
4993
481
4417
2001
481
4001
3809
481
2049
2145
4785
3585
2113
3297
4945
81
1537
2465
2081
3921
593
1169
5009
1633
2849
3185
3041
5025
4401
961
1121
2305
1441
513
2257
4929
4513
1041
369
4513
3185
3105
1009
3249
1361
913
3329
2913
1345
3377
4785
1937
4545
4753
3569
305
849
4561
289
3217
497
1425
481
4929
4929
2753
4817
2353
1745
3137
1825
2881
1201
2849
1089
2577
1713
2369
3441
3057
705
1137
2961
3201
865
4481
3521
4705
4017
3809
2881
2465
3185
1329
305
1025
2033
97
3377
1729
1185
3169
4609
2401
977
657
2929
2689
977
1329
721
1697
2465
1633
4897
1281
1073
1329
961
3041
3105
1793
465
1249
1073
3777
2289
3105
1825
3617
4833
3009
1745
2353
369
673
3009
3297
3377
1953
2577
2049
1601
3009
3681
4449
2241
2705
753
3201
721
3857
2961
4177
3057
4033
2913
3297
65
4737
1889
2849
2721
1585
177
1041
2273
1137
2305
3601
3089
4881
3601
4689
801
193
4113
3057
2897
2817
4209
3617
1633
2129
2769
2641
4129
3633
913
4193
3345
753
2001
1025
289
2177
2065
2561
3329
2321
4113
4369
2177
2673
4033
929
2865
1057
3985
3729
3873
3169
2305
3457
257
3025
1057
2337
1633
4961
1489
2929
3665
1457
3953
3969
1585
3969
4481
2865
1265
3569
2209
1393
1201
4193
2321
2033
3201
4273
721
2033
2401
977
3441
609
1969
2449
2961
1553
2385
2401
4481
4001
3857
1345
2929
417
273
2385
3281
4529
3905
3441
881
65
2593
1169
49
753
401
3761
737
753
4753
2129
1361
4673
4593
2273
1185
4929
4689
625
3889
1457
1969
4785
1873
193
81
3121
4737
3985
4513
3569
2001
2081
2689
2065
785
3089
785
4529
3841
3489
4609
3169
3121
4161
401
2257
2001
49
2881
865
4513
2801
609
4337
961
3681
2417
657
2625
4897
2177
4625
4929
2833
4641
3665
881
401
3153
2689
1841
689
3809
4977
4849
4209
2193
1825
2225
3041
641
1697
3793
4241
993
4753
2881
1377
3361
3457
1233
513
3041
1121
3345
609
4785
2177
1009
865
2817
801
1553
1585
3729
4353
3761
897
4129
945
1889
2721
593
641
1921
1585
3361
2753
913
1681
1169
2145
145
2177
1217
1441
2785
3969
1585
1745
2785
4401
2545
2289
3953
1249
1601
2673
97
3697
1569
4977
1377
2161
3569
1265
1697
1889
4017
2625
3585
161
2721
1681
2337
3953
1089
3073
833
2673
4817
3617
5025
2321
3857
3937
1521
3409
4561
4609
2065
1089
4545
1409
1201
3089
2673
2913
4977
1649
497
1473
4801
3217
1121
49
81
2209
3121
913
4881
849
2481
2817
1137
1297
1729
2657
4721
4241
2241
4737
3297
4737
1105
4497
2785
3777
2369
689
3393
817
113
3153
4049
1233
1169
2081
1393
4289
961
1233
3105
3441
4065
4241
2705
3745
1857
337
897
2049
3025
4193
1761
4145
1617
2497
833
3985
1137
4225
4817
1265
305
1777
449
1473
3857
1857
3713
4817
1041
4769
1185
3057
3969
1841
1761
3793
129
625
801
3153
4817
513
209
1393
977
1057
3345
2113
3233
1073
1329
1489
801
4785
913
4657
1601
2593
2401
593
2321
1537
3665
1265
3377
3377
17
1457
4001
3809
4609
1745
2289
4833
3137
1217
3841
4433
1281
2033
465
2625
3537
1265
2369
2401
3889
1921
4993
4241
2513
2289
737
4129
3553
2065
2481
1521
3521
1441
3281
1041
3185
529
3825
4289
1745
2625
3681
3041
2625
2113
3617
4113
1329
3937
1473
3169
3809
1441
2369
1281
3729
1057
385
193
3121
817
1713
4593
209
4993
3601
3409
3489
2385
609
3185
2977
2241
4177
561
4353
2753
4673
3649
4641
4097
1777
3409
497
4161
2657
2177
3169
993
2369
4257
1809
2033
3809
2017
4993
2369
3377
1393
2721
1937
4577
657
4193
3729
1217
1457
4433
3841
65
4049
849
4849
369
4353
1921
3025
1489
49
4017
1825
4305
785
1809
1041
769
1761
1361
4145
3153
4081
1057
657
2689
3201
4385
1857
4657
1729
657
2689
3729
4513
2497
4113
3825
2369
2097
273
2417
1089
49
1697
1873
1873
2737
593
1585
2049
4753
4753
1105
3761
3361
3793
1921
2705
625
4529
2385
4273
129
1089
3745
2625
161
2529
2945
2257
769
337
1297
817
5025
1137
641
673
1729
2241
2721
4433
4945
3825
3153
3265
545
3025
3921
1169
481
1265
3393
609
2353
65
1201
465
2593
4145
689
1313
4481
1985
97
4465
1073
737
3089
2817
2977
785
2209
2881
4609
3329
1105
3105
1313
5025
4273
1793
4257
593
369
4561
657
1569
1
1201
673
3681
2529
3121
625
2625
497
1713
1313
3601
2481
4305
4385
4689
97
1905
929
4209
5025
209
2145
2209
4993
1361
2801
321
897
1409
1889
3889
2625
529
2529
113
3649
1105
689
2097
769
2001
657
1201
4257
2993
3857
4369
4913
4785
1489
2849
4993
3633
17
4961
5009
785
3233
3857
2193
97
657
4817
3617
1137
2881
177
193
1521
2273
3969
3537
897
129
705
3889
3985
33
1713
3745
1521
4561
1649
3121
2545
1569
1041
1281
4817
4897
1425
2865
3505
4209
1441
4641
2049
1617
4833
1537
1841
3761
3025
2737
3905
3729
4593
801
1729
1265
4545
1201
3793
4161
4321
4289
689
321
529
3457
3169
4945
4273
1633
4113
3665
4225
4129
3233
4033
625
49
705
3649
2785
2561
2337
2337
3377
2017
1569
833
3233
321
4993
465
4609
3649
801
3089
17
3969
2993
4305
3569
2081
2929
2753
4161
1137
4737
4785
1185
417
1345
1921
929
1633
2225
2257
3665
3793
3105
1857
2065
1009
273
4625
4657
1073
2673
4689
3009
3617
1905
4529
3649
4833
2241
2769
3921
4945
465
65
3313
1809
4993
4241
3457
2177
1473
2081
3921
2529
1889
3937
3537
113
3521
1121
1201
4145
3761
2161
2721
625
1649
4337
3409
1841
2065
2305
1745
2545
321
17
2305
273
2225
721
401
3697
753
2273
1185
593
1169
2673
721
2641
3793
4913
1745
2513
2033
2433
1089
1633
4721
4513
1425
1745
1777
3185
2241
2097
1153
4561
337
3377
3233
737
2033
1953
977
1169
497
97
1809
4209
2753
561
4081
2449
1041
4065
4881
81
3649
4561
4593
49
4273
4321
1185
4465
4385
2337
1937
4721
689
3137
3409
673
49
4385
4849
545
4497
1617
2721
161
129
1761
2609
4161
3793
417
4257
2401
2929
1761
2449
2161
1057
3633
1601
401
3937
1489
3073
2577
4625
1441
3249
4673
3793
1009
3185
1201
577
865
1361
721
577
3969
2833
4369
4385
2049
4737
2289
1777
2145
2401
2833
3745
1953
1185
2641
3457
4257
177
3041
657
1377
641
2401
2401
1777
3601
2977
593
4961
1649
4161
1857
4497
3505
4193
4497
1153
1441
4225
3297
1809
2017
4993
3761
1153
545
129
369
721
1137
4033
65
4769
4385
417
4497
2961
1345
3041
2881
961
2161
2689
417
3617
1857
2865
4769
3297
2065
993
3057
2033
945
4785
3201
1505
4913
1521
177
4001
3505
241
3729
2865
3649
3185
3777
5009
1185
4609
929
1313
2273
4337
4929
4129
113
4673
337
2177
3617
3409
2177
4561
3153
3329
4017
977
2801
4209
4993
4273
2401
3681
49
1025
4833
3825
993
3969
3393
4913
3233
625
4209
3137
4753
4321
721
65
4465
4337
1425
4593
1809
4577
833
801
513
3633
5009
3457
2865
321
65
2913
1345
4897
4689
289
1777
3057
3153
5025
1633
2321
1073
1361
4609
1793
4417
1985
4081
801
4529
849
3329
321
4641
1793
3953
2561
225
4785
2897
289
609
2193
3137
273
449
4913
1281
3601
2849
2913
3889
3921
2225
1409
3665
4593
3393
2705
3345
833
1521
4625
1153
4113
1393
3057
1649
4609
2801
4545
4897
1377
4689
945
4641
97
3809
881
3713
1633
1745
2561
3505
1937
1921
2145
1489
3265
2801
2801
4097
2273
2385
209
1361
3777
3265
3009
3345
4033
465
1153
3361
113
2097
2961
225
881
3841
1889
465
3537
2401
3969
433
4321
4065
1937
2545
1841
4737
1601
4113
33
4801
3425
3825
977
1393
81
2961
1857
1249
1281
4977
1297
4241
3153
129
993
1
593
4545
353
2529
4977
4673
1553
4865
129
3393
2513
1729
433
2561
4481
3857
4337
417
3217
4417
3393
3025
3617
4673
913
4929
3889
4065
3009
4881
2017
1569
4385
2369
4097
2289
4993
609
2113
81
1969
2593
4801
353
113
4241
2161
2401
4673
3329
1777
3025
1329
369
609
193
3249
4497
4273
4209
2305
4241
737
4641
1585
4833
1889
4529
3409
1969
4625
337
2513
4385
3681
577
3601
3793
2977
1185
2097
4753
2161
1377
3073
2769
1569
4273
193
801
3457
2497
17
4193
49
4593
1953
1953
4081
321
1873
1617
3649
2337
977
241
2913
2529
4033
3841
1665
1089
3553
3825
2465
4593
1553
2001
1777
1745
753
3185
2193
3761
2353
2257
3313
2257
4209
321
2577
4033
1937
4177
4321
865
4417
2193
1345
3409
993
3009
2465
2497
1793
2881
1
1313
4881
1793
3057
3601
4977
225
2321
241
2481
3601
449
4641
3921
3025
1585
3809
113
865
2641
4529
1009
1937
865
4993
4961
1281
2449
4705
4161
417
977
1969
161
2001
529
3089
177
2849
1297
2657
1409
1745
209
3281
2737
4785
17
2849
609
2657
305
4609
4593
1169
4561
2465
2449
4961
97
4561
337
4065
1489
497
4017
5009
3601
4193
2833
4897
4801
2193
1601
5009
449
4337
4753
465
113
3313
1073
417
2881
3617
1585
2401
4049
1985
2337
4145
4497
625
1121
3953
1137
113
3921
2689
2257
4705
497
2033
1873
2097
4993
273
4401
2673
3729
4513
945
4801
2881
1793
1329
4465
2145
337
4401
4481
2433
3857
81
3569
2769
4209
1633
4657
1857
3889
4321
2353
3873
1153
2401
3841
4417
4753
4465
3105
2177
369
817
17
113
2161
2433
2273
449
1793
4705
2897
3617
4785
4417
4337
1905
1009
3953
1713
2849
3249
2017
4689
2353
4433
1441
1745
2097
865
2801
4289
4225
3633
4305
4353
3745
1713
1585
4193
1457
1249
2049
33
4001
1425
2337
3857
385
4241
545
1201
2449
2561
3841
2769
4945
241
2465
2017
1105
225
4257
3281
1809
3521
2593
3505
3185
2129
2673
4657
1345
2673
2641
3297
2065
2929
2113
401
2145
609
1601
2545
3185
3393
273
1041
3633
689
1009
2689
3921
225
945
3681
1713
1489
2161
4897
3633
4833
2465
2929
417
81
1185
2481
3009
1249
2897
113
1873
2449
2673
3009
817
897
4049
2401
1601
3025
65
3473
3249
1009
2113
4961
2497
4273
2785
4081
2017
209
4961
2449
3281
1105
2881
1265
321
737
4369
2193
1153
4993
3153
4961
3857
2161
2321
3409
3137
337
1841
1361
1345
3953
4273
1809
3201
5009
3841
3169
193
3777
577
3473
2833
3473
2689
3153
2161
5025
3297
1265
4977
1409
1185
3793
1537
1473
2161
4673
1809
4001
3985
1121
881
1185
881
2033
1153
2673
161
1345
1409
753
2785
2209
2177
3425
3313
4337
3409
1585
3569
3361
2993
2705
65
2481
4177
193
2129
3953
2145
1073
3025
3025
2257
3905
17
1377
1537
193
673
913
3937
3457
1073
1073
1857
4385
3361
3217
929
1889
1537
1889
4609
4609
4369
1697
4801
4449
3601
1905
497
1585
2897
705
3441
2913
33
2945
1057
721
1809
4993
2129
2881
4017
1937
2225
2353
129
1121
2193
4657
961
1761
4225
3281
1425
3985
2705
5025
3857
1153
1585
1713
4849
5025
2577
4897
881
3649
3569
2689
1553
657
529
545
561
721
849
689
4833
3041
305
753
2769
2497
4033
4193
1441
4689
4177
3249
801
3713
4961
3617
1665
465
3473
2545
2065
4993
209
3617
609
3729
2113
4161
4449
913
4849
4241
3969
3121
2945
1697
577
4945
849
5009
4593
2977
3233
3361
1665
1105
1937
1281
1569
3361
